=== Simulacion de particulas ===

tiempo,x0,y0,x1,y1,x2,y2,x3,y3
0,100,100,400,200,600,400,200,500
0.05,106,104,395.5,205.5,603,396.5,205,495.5
0.1,112,108,391,211,606,393,210,491
0.15,118,112,386.5,216.5,609,389.5,215,486.5
0.2,124,116,382,222,612,386,220,482
0.25,130,120,377.5,227.5,615,382.5,225,477.5
0.3,136,124,373,233,618,379,230,474
0.35,142,128,368.5,238.5,621,375.5,235,477.6
0.4,148,132,364,244,624,372,240,481.2
0.45,154,136,359.5,249.5,627,368.5,245,484.8
0.5,160,140,355,255,630,365,250,488.4
0.55,166,144,350.5,260.5,633,361.5,255,492
0.6,172,148,346,266,636,358,260,495.6
0.65,178,152,341.5,271.5,639,354.5,265,499.2
0.7,184,156,337,277,642,351,270,502.8
0.75,190,160,332.5,282.5,645,347.5,275,506.4
0.8,190,164,328,288,648,344,280,510
0.85,185.8,168,323.5,293.5,651,340.5,285,513.6
0.9,181.6,172,319,299,654,337,290,517.2
0.95,177.4,176,314.5,304.5,657,333.5,295,520.8
1,173.2,180,310,310,660,330,300,524.4
1.05,169,184,305.5,315.5,663,326.5,305,528
1.1,164.8,188,301,321,666,323,310,531.6
1.15,160.6,192,296.5,326.5,669,319.5,315,535.2
1.2,156.4,196,292,332,672,316,320,538.8
1.25,152.2,200,287.5,337.5,675,312.5,325,542.4
1.3,148,204,283,343,678,309,330,546
1.35,143.8,208,278.5,348.5,681,305.5,335,549.6
1.4,139.6,212,274,354,684,302,340,553.2
1.45,135.4,216,269.5,359.5,687,298.5,345,556.8
1.5,131.2,220,265,365,690,295,350,560.4
1.55,127,224,260.5,370.5,693,291.5,355,564
1.6,122.8,228,256,376,696,288,360,567.6
1.65,118.6,232,251.5,381.5,699,284.5,365,571.2
1.7,114.4,236,247,387,702,281,370,574.8
1.75,110.2,240,242.5,392.5,705,277.5,375,578.4
1.8,106,244,242,398,708,274,380,582
1.85,101.8,248,245.6,403.5,711,270.5,385,585.6
1.9,97.6,252,249.2,409,714,267,390,586
1.95,93.4,256,252.8,414.5,717,263.5,395,582.4
2,89.2,260,256.4,420,720,260,400,578.8
2.05,85,264,260,425.5,723,256.5,405,575.2
2.1,80.8,268,263.6,431,726,253,410,571.6
2.15,76.6,272,267.2,436.5,729,249.5,415,568
2.2,72.4,276,270.8,442,732,246,420,564.4
2.25,68.2,280,274.4,447.5,735,242.5,425,560.8
2.3,64,284,278,453,738,239,430,557.2
2.35,59.8,288,281.6,458.5,741,235.5,435,553.6
2.4,55.6,292,285.2,464,744,232,440,550
2.45,51.4,296,288.8,469.5,747,228.5,445,546.4
2.5,47.2,300,292.4,475,750,225,450,542.8
2.55,43,304,296,480.5,753,221.5,455,539.2
2.6,38.8,308,299.6,486,756,218,460,535.6
2.65,34.6,312,303.2,491.5,759,214.5,465,532
2.7,30.4,316,306.8,497,762,211,470,528.4
2.75,26.2,320,310.4,502.5,765,207.5,475,524.8
2.8,22,324,314,508,768,204,480,521.2
2.85,17.8,328,317.6,513.5,771,200.5,485,517.6
2.9,13.6,332,321.2,519,774,197,490,514
2.95,10,336,324.8,524.5,777,193.5,495,510.4
3,14.2,340,328.4,530,780,190,500,506.8
3.05,18.4,344,332,535.5,783,186.5,505,503.2
3.1,22.6,348,335.6,541,786,183,510,499.6
3.15,26.8,352,339.2,546.5,789,179.5,515,496
3.2,31,356,342.8,552,792,176,520,492.4
3.25,35.2,360,346.4,557.5,792,172.5,525,488.8
3.3,39.4,364,350,563,789,169,530,485.2
3.35,43.6,368,353.6,568.5,786,165.5,535,481.6
3.4,47.8,372,357.2,574,783,162,540,478
3.45,52,376,360.8,579.5,780,158.5,545,474.4
3.5,56.2,380,364.4,585,777,155,550,470.8
3.55,60.4,384,368,588,774,151.5,555,467.2
3.6,64.6,388,371.6,582.5,771,148,560,463.6
3.65,68.8,392,375.2,577,768,144.5,565,460
3.7,73,396,378.8,571.5,765,141,570,456.4
3.75,77.2,400,382.4,566,762,137.5,575,452.8
3.8,81.4,404,386,560.5,759,134,580,449.2
3.85,85.6,408,389.6,555,756,130.5,585,445.6
3.9,89.8,412,393.2,549.5,753,127,590,442
3.95,94,416,396.8,544,750,123.5,595,438.4
4,98.2,420,400.4,538.5,747,120,600,434.8
4.05,102.4,424,404,533,744,116.5,605,431.2
4.1,106.6,428,407.6,527.5,741,113,610,427.6
4.15,110.8,432,411.2,522,738,109.5,615,424
4.2,115,436,414.8,516.5,735,106,620,420.4
4.25,119.2,440,418.4,511,732,102.5,625,416.8
4.3,123.4,444,422,505.5,729,99,630,413.2
4.35,127.6,448,425.6,500,726,95.5,635,409.6
4.4,131.8,452,429.2,494.5,723,92,640,406
4.45,136,456,432.8,489,720,88.5,645,402.4
4.5,140,460,436.4,483.5,717,85,650,398.8
4.55,136.64,464,440,478,714,81.5,655,395.2
4.6,133.28,468,443.6,472.5,711,78,660,391.6
4.65,129.92,472,447.2,467,708,74.5,665,388
4.7,126.56,476,450.8,461.5,705,71,670,384.4
4.75,123.2,480,454.4,456,702,67.5,675,380.8
4.8,119.84,484,458,450.5,699,64,680,377.2
4.85,116.48,488,461.6,445,696,60.5,685,373.6
4.9,113.12,492,465.2,439.5,693,57,690,370
4.95,109.76,496,468.8,434,690,53.5,695,366.4
5,106.4,500,472.4,428.5,687,50,700,362.8
5.05,103.04,504,476,423,684,46.5,705,359.2
5.1,99.68,508,479.6,417.5,681,43,710,355.6
5.15,96.32,512,483.2,412,678,39.5,715,352
5.2,92.96,516,486.8,406.5,675,36,720,348.4
5.25,89.6,520,490.4,401,672,32.5,725,344.8
5.3,86.24,524,494,395.5,669,29,730,341.2
5.35,82.88,528,497.6,392,666,25.5,735,337.6
5.4,79.52,532,501.2,395.3,663,22,740,334
5.45,76.16,536,504.8,398.6,660,18.5,745,330.4
5.5,72.8,540,508.4,401.9,657,15,750,326.8
5.55,69.44,544,512,405.2,654,11.5,755,323.2
5.6,66.08,548,515.6,408.5,651,8,760,319.6
5.65,62.72,552,519.2,411.8,648,8,765,316
5.7,59.36,556,522.8,415.1,645,11.5,770,312.4
5.75,56,560,526.4,418.4,642,15,775,308.8
5.8,52.64,564,530,421.7,639,18.5,780,305.2
5.85,49.28,568,533.6,425,636,22,785,301.6
5.9,45.92,572,537.2,428.3,633,25.5,786,298
5.95,42.56,576,540.8,431.6,630,29,781,294.4
6,39.2,580,544.4,434.9,627,32.5,776,290.8
6.05,35.84,584,548,438.2,624,36,771,287.2
6.1,32.48,588,551.6,441.5,621,39.5,766,283.6
6.15,29.12,590,555.2,444.8,618,43,761,280
6.2,25.76,586,558.8,448.1,615,46.5,756,276.4
6.25,22.4,582,562.4,451.4,612,50,751,272.8
6.3,19.04,578,566,454.7,609,53.5,746,269.2
6.35,15.68,574,569.6,458,606,57,741,265.6
6.4,12.32,570,573.2,461.3,603,60.5,736,262
6.45,10,566,576.8,464.6,600,64,731,258.4
6.5,13.36,562,580.4,467.9,597,67.5,726,254.8
6.55,16.72,558,584,471.2,594,71,721,251.2
6.6,20.08,554,587.6,474.5,591,74.5,716,247.6
6.65,23.44,550,591.2,477.8,588,78,711,244
6.7,26.8,546,594.8,481.1,585,81.5,706,240.4
6.75,30.16,542,598.4,484.4,582,85,701,236.8
6.8,33.52,538,602,487.7,579,88.5,696,233.2
6.85,36.88,534,605.6,491,576,92,691,229.6
6.9,40.24,530,609.2,494.3,573,95.5,686,226
6.95,43.6,526,612.8,497.6,570,99,681,222.4
7,46.96,522,616.4,500.9,567,102.5,676,218.8
7.05,50.32,518,620,504.2,564,106,671,215.2
7.1,53.68,514,623.6,507.5,561,109.5,666,211.6
7.15,57.04,510,627.2,510.8,558,113,661,208
7.2,60.4,506,630.8,514.1,555,116.5,656,204.4
7.25,63.76,502,634.4,517.4,552,120,651,200.8
7.3,67.12,498,638,520.7,549,123.5,646,197.2
7.35,70.48,494,641.6,524,546,127,641,193.6
7.4,73.84,490,645.2,527.3,543,130.5,636,190
7.45,77.2,486,648.8,530.6,540,134,631,186.4
7.5,80.56,482,652.4,533.9,537,137.5,626,182.8
7.55,83.92,478,656,537.2,534,141,621,179.2
7.6,87.28,474,659.6,540.5,531,142,616,175.6
7.65,90.64,470,663.2,543.8,528,140.25,611,172
7.7,94,466,666.8,547.1,525,138.5,606,168.4
7.75,97.36,462,670.4,550.4,522,136.75,601,164.8
7.8,100.72,458,674,553.7,519,135,596,161.2
7.85,104.08,454,677.6,557,516,133.25,594,157.6
7.9,107.44,450,681.2,560.3,513,131.5,596.5,154
7.95,110.8,446,684.8,563.6,510,129.75,599,150.4
8,114.16,442,688.4,566.9,507,128,601.5,146.8
8.05,117.52,438,692,570.2,504,126.25,604,143.2
8.1,120.88,434,695.6,573.5,501,124.5,606.5,139.6
8.15,124.24,430,699.2,576.8,498,122.75,609,136
8.2,127.6,426,702.8,580.1,495,121,611.5,132.4
8.25,130.96,422,706.4,583.4,492,119.25,614,128.8
8.3,134.32,418,710,586.7,489,117.5,616.5,125.2
8.35,137.68,414,713.6,588,486,115.75,619,121.6
8.4,140,410,717.2,584.7,483,114,621.5,118
8.45,137.312,406,720.8,581.4,480,112.25,624,114.4
8.5,134.624,402,724.4,578.1,477,110.5,626.5,110.8
8.55,131.936,398,728,574.8,474,108.75,629,107.2
8.6,129.248,394,731.6,571.5,471,107,631.5,103.6
8.65,126.56,390,735.2,568.2,468,105.25,634,100
8.7,123.872,386,738.8,564.9,465,103.5,636.5,96.4
8.75,121.184,382,742.4,561.6,462,101.75,639,92.8
8.8,118.496,378,746,558.3,459,100,641.5,89.2
8.85,115.808,374,749.6,555,456,98.25,644,85.6
8.9,113.12,370,753.2,551.7,453,96.5,646.5,82
8.95,110.432,366,756.8,548.4,450,94.75,649,78.4
9,107.744,362,760.4,545.1,447,93,651.5,74.8
9.05,105.056,358,764,541.8,444,91.25,654,71.2
9.1,102.368,354,767.6,538.5,441,89.5,656.5,67.6
9.15,99.68,350,771.2,535.2,438,87.75,659,64
9.2,96.992,346,774.8,531.9,435,86,661.5,60.4
9.25,94.304,342,778.4,528.6,432,84.25,664,56.8
9.3,91.616,338,782,525.3,429,82.5,666.5,53.2
9.35,88.928,334,785.6,522,426,80.75,669,49.6
9.4,86.24,330,788,518.7,423,79,671.5,46
9.45,83.552,326,784.4,515.4,420,77.25,674,42.4
9.5,80.864,322,780.8,512.1,417,75.5,676.5,38.8
9.55,78.176,318,777.2,508.8,414,73.75,679,35.2
9.6,75.488,314,773.6,505.5,411,72,681.5,31.6
9.65,72.8,310,770,502.2,408,70.25,684,28
9.7,70.112,306,766.4,498.9,405,68.5,686.5,24.4
9.75,67.424,302,762.8,495.6,402,66.75,689,20.8
9.8,64.736,298,759.2,492.3,399,65,691.5,17.2
9.85,62.048,294,755.6,489,396,63.25,694,14
9.9,59.36,290,752,485.7,393,61.5,696.5,17.6
9.95,56.672,286,748.4,482.4,390,59.75,699,21.2
10,53.984,282,744.8,479.1,387,58,701.5,24.8
10.05,51.296,278,741.2,475.8,384,56.25,704,28.4
10.1,48.608,274,737.6,472.5,381,54.5,706.5,32
10.15,45.92,270,734,469.2,378,52.75,709,35.6
10.2,43.232,266,730.4,465.9,375,51,711.5,39.2
10.25,40.544,262,726.8,462.6,372,49.25,714,42.8
10.3,37.856,258,723.2,459.3,369,47.5,716.5,46.4
10.35,35.168,254,719.6,456,366,45.75,719,50
10.4,32.48,250,716,452.7,363,44,721.5,53.6
10.45,29.792,246,712.4,449.4,360,42.25,724,57.2
10.5,27.104,242,708.8,446.1,357,40.5,726.5,60.8
10.55,24.416,238,705.2,442.8,354,38.75,729,64.4
10.6,21.728,234,701.6,439.5,351,37,731.5,68
10.65,19.04,230,698,436.2,348,35.25,734,71.6
10.7,16.352,226,694.4,432.9,345,33.5,736.5,75.2
10.75,13.664,222,690.8,429.6,342,31.75,739,78.8
10.8,10.976,218,687.2,426.3,339,30,741.5,82.4
10.85,10,214,683.6,423,336,28.25,744,86
10.9,12.688,210,680,419.7,333,26.5,746.5,89.6
10.95,15.376,206,676.4,416.4,330,24.75,749,93.2
11,18.064,202,672.8,413.1,327,23,751.5,96.8
11.05,20.752,198,669.2,409.8,324,21.25,754,100.4
11.1,23.44,194,665.6,406.5,321,19.5,756.5,104
11.15,26.128,190,662,403.2,318,17.75,759,107.6
11.2,28.816,186,658.4,399.9,315,16,761.5,111.2
11.25,31.504,182,654.8,396.6,312,14.25,764,114.8
11.3,34.192,178,651.2,393.3,309,12.5,766.5,118.4
11.35,36.88,174,647.6,390,306,10.75,769,122
11.4,39.568,170,644,386.7,303,9,771.5,125.6
11.45,42.256,166,640.4,383.4,300,8,774,129.2
11.5,44.944,162,636.8,380.1,297,9.75,776.5,132.8
11.55,47.632,158,633.2,376.8,294,11.5,779,136.4
11.6,50.32,154,629.6,373.5,291,13.25,781.5,140
11.65,53.008,150,626,370.2,288,15,784,143.6
11.7,55.696,146,622.4,366.9,285,16.75,786,147.2
11.75,58.384,142,618.8,363.6,282,18.5,783.5,150.8
11.8,61.072,138,615.2,360.3,279,20.25,781,154.4
11.85,63.76,134,611.6,357,276,22,778.5,158
11.9,66.448,130,608,353.7,273,23.75,776,161.6
11.95,69.136,126,604.4,350.4,270,25.5,773.5,165.2
12,71.824,122,600.8,347.1,267,27.25,771,168.8
12.05,74.512,118,597.2,343.8,264,29,768.5,172.4
12.1,77.2,114,593.6,340.5,261,30.75,766,176
12.15,79.888,110,590,337.2,258,32.5,763.5,179.6
12.2,82.576,106,586.4,333.9,255,34.25,761,183.2
12.25,85.264,102,582.8,330.6,252,36,758.5,186.8
12.3,87.952,98,579.2,327.3,249,37.75,756,190.4
12.35,90.64,94,575.6,324,246,39.5,753.5,194
12.4,93.328,90,572,320.7,243,41.25,751,197.6
12.45,96.016,86,568.4,317.4,240,43,748.5,201.2
12.5,98.704,82,564.8,314.1,237,44.75,746,204.8
12.55,101.392,78,561.2,310.8,234,46.5,743.5,208.4
12.6,104.08,74,557.6,307.5,231,48.25,741,212
12.65,106.768,70,554,304.2,228,50,738.5,215.6
12.7,109.456,66,550.4,300.9,225,51.75,736,219.2
12.75,112.144,62,546.8,297.6,222,53.5,733.5,222.8
12.8,114.832,58,543.2,294.3,219,55.25,731,226.4
12.85,117.52,54,539.6,291,216,57,728.5,230
12.9,120.208,50,536,287.7,213,58.75,726,233.6
12.95,122.896,46,532.4,284.4,210,60.5,723.5,237.2
13,125.584,42,528.8,281.1,207,62.25,721,240.8
13.05,128.272,38,525.2,277.8,204,64,718.5,244.4
13.1,130.96,34,521.6,274.5,201,65.75,716,248
13.15,133.648,30,518,271.2,198,67.5,713.5,251.6
13.2,136.336,26,514.4,267.9,195,69.25,711,255.2
13.25,139.024,22,510.8,264.6,192,71,708.5,258.8
13.3,141.712,18,507.2,261.3,189,72.75,706,262.4
13.35,144.4,14,503.6,258,186,74.5,703.5,266
13.4,147.088,10,500,254.7,183,76.25,701,269.6
13.45,149.776,10,496.4,251.4,180,78,698.5,273.2
13.5,152.464,14,492.8,248.1,177,79.75,696,276.8
13.55,155.152,18,489.2,244.8,174,81.5,693.5,280.4
13.6,157.84,22,485.6,241.5,171,83.25,691,284
13.65,160.528,26,482,238.2,168,85,688.5,287.6
13.7,163.216,30,478.4,234.9,165,86.75,686,291.2
13.75,165.904,34,474.8,231.6,162,88.5,683.5,294.8
13.8,168.592,38,471.2,228.3,159,90.25,681,298.4
13.85,171.28,42,467.6,225,156,92,678.5,302
13.9,173.968,46,464,221.7,153,93.75,676,305.6
13.95,176.656,50,460.4,218.4,150,95.5,673.5,309.2
14,179.344,54,456.8,215.1,147,97.25,671,312.8
14.05,182.032,58,453.2,211.8,144,99,668.5,316.4
14.1,184.72,62,449.6,208.5,141,100.75,666,320
14.15,187.408,66,446,205.2,138,102.5,663.5,323.6
14.2,190.096,70,442.4,201.9,135,104.25,661,327.2
14.25,192.784,74,438.8,198.6,132,106,658.5,330.8
14.3,195.472,78,435.2,195.3,129,107.75,656,334.4
14.35,198.16,82,431.6,192,126,109.5,653.5,338
14.4,200.848,86,428,188.7,123,111.25,651,341.6
14.45,203.536,90,424.4,185.4,120,113,648.5,345.2
14.5,206.224,94,420.8,182.1,117,114.75,646,348.8
14.55,208.912,98,417.2,178.8,114,116.5,643.5,352.4
14.6,211.6,102,413.6,175.5,111,118.25,641,356
14.65,214.288,106,410,172.2,108,120,638.5,359.6
14.7,216.976,110,406.4,168.9,105,121.75,636,363.2
14.75,219.664,114,402.8,165.6,102,123.5,633.5,366.8
14.8,222.352,118,399.2,162.3,99,125.25,631,370.4
14.85,225.04,122,395.6,159,96,127,628.5,374
14.9,227.728,126,392,155.7,93,128.75,626,377.6
14.95,230.416,130,388.4,152.4,90,130.5,623.5,381.2
15,233.104,134,384.8,149.1,87,132.25,621,384.8
15.05,235.792,138,381.2,145.8,84,134,618.5,388.4
15.1,238.48,140,377.6,142.5,81,135.75,616,392
15.15,241.168,137.2,374,139.2,78,137.5,613.5,395.6
15.2,243.856,134.4,370.4,135.9,75,139.25,611,399.2
15.25,246.544,131.6,366.8,132.6,72,141,608.5,402.8
15.3,249.232,128.8,363.2,129.3,69,142.75,606,406.4
15.35,251.92,126,359.6,126,66,144.5,603.5,410
15.4,254.608,123.2,356,122.7,63,146.25,601,413.6
15.45,257.296,120.4,352.4,119.4,60,148,598.5,417.2
15.5,259.984,117.6,348.8,116.1,57,149.75,596,420.8
15.55,262.672,114.8,345.2,112.8,54,151.5,593.5,424.4
15.6,265.36,112,341.6,109.5,51,153.25,591,428
15.65,268.048,109.2,338,106.2,48,155,588.5,431.6
15.7,270.736,106.4,334.4,102.9,45,156.75,586,435.2
15.75,273.424,103.6,330.8,99.6,42,158.5,583.5,438.8
15.8,276.112,100.8,327.2,96.3,39,160.25,581,442.4
15.85,278.8,98,323.6,93,36,162,578.5,446
15.9,281.488,95.2,320,89.7,33,163.75,576,449.6
15.95,284.176,92.4,316.4,86.4,30,165.5,573.5,453.2
16,286.864,89.6,312.8,83.1,27,167.25,571,456.8
>>> Colision entre particula 0 y particula 1 en t=16
16.05,301.341,82.6,-1,-1,24,169,568.5,460.4
16.1,300.256,79.5,-1,-1,21,170.75,566,464
16.15,299.171,76.4,-1,-1,18,172.5,563.5,467.6
16.2,298.086,73.3,-1,-1,15,174.25,561,471.2
16.25,297.002,70.2,-1,-1,12,176,558.5,474.8
16.3,295.917,67.1,-1,-1,9,177.75,556,478.4
16.35,294.832,64,-1,-1,8,179.5,553.5,482
16.4,293.747,60.9,-1,-1,11,181.25,551,485.6
16.45,292.662,57.8,-1,-1,14,183,548.5,489.2
16.5,291.578,54.7,-1,-1,17,184.75,546,492.8
16.55,290.493,51.6,-1,-1,20,186.5,543.5,496.4
16.6,289.408,48.5,-1,-1,23,188.25,541,500
16.65,288.323,45.4,-1,-1,26,190,538.5,503.6
16.7,287.238,42.3,-1,-1,29,191.75,536,507.2
16.75,286.154,39.2,-1,-1,32,193.5,533.5,510.8
16.8,285.069,36.1,-1,-1,35,195.25,531,514.4
16.85,283.984,33,-1,-1,38,197,528.5,518
16.9,282.899,29.9,-1,-1,41,198.75,526,521.6
16.95,281.814,26.8,-1,-1,44,200.5,523.5,525.2
17,280.73,23.7,-1,-1,47,202.25,521,528.8
17.05,279.645,20.6,-1,-1,50,204,518.5,532.4
17.1,278.56,17.5,-1,-1,53,205.75,516,536
17.15,277.475,15.6205,-1,-1,56,207.5,513.5,539.6
17.2,276.39,18.7205,-1,-1,59,209.25,511,543.2
17.25,275.306,21.8205,-1,-1,62,211,508.5,546.8
17.3,274.221,24.9205,-1,-1,65,212.75,506,550.4
17.35,273.136,28.0205,-1,-1,68,214.5,503.5,554
17.4,272.051,31.1205,-1,-1,71,216.25,501,557.6
17.45,270.966,34.2205,-1,-1,74,218,498.5,561.2
17.5,269.882,37.3205,-1,-1,77,219.75,496,564.8
17.55,268.797,40.4205,-1,-1,80,221.5,493.5,568.4
17.6,267.712,43.5205,-1,-1,83,223.25,491,572
17.65,266.627,46.6205,-1,-1,86,225,488.5,575.6
17.7,265.542,49.7205,-1,-1,89,226.75,486,579.2
17.75,264.458,52.8205,-1,-1,92,228.5,483.5,582.8
17.8,263.373,55.9205,-1,-1,95,230.25,481,586
17.85,262.288,59.0205,-1,-1,98,232,478.5,582.4
17.9,261.203,62.1205,-1,-1,101,233.75,476,578.8
17.95,260.118,65.2205,-1,-1,104,235.5,473.5,575.2
18,259.034,68.3205,-1,-1,107,237.25,471,571.6
18.05,257.949,71.4205,-1,-1,110,239,468.5,568
18.1,256.864,74.5205,-1,-1,113,240.75,466,564.4
18.15,255.779,77.6205,-1,-1,116,242.5,463.5,560.8
18.2,254.694,80.7205,-1,-1,119,244.25,461,557.2
18.25,253.61,83.8205,-1,-1,122,246,458.5,553.6
18.3,252.525,86.9205,-1,-1,125,247.75,456,550
18.35,251.44,90.0205,-1,-1,128,249.5,453.5,546.4
18.4,250.355,93.1205,-1,-1,131,251.25,451,542.8
18.45,249.27,96.2205,-1,-1,134,253,448.5,539.2
18.5,248.186,99.3205,-1,-1,137,254.75,446,535.6
18.55,247.101,102.42,-1,-1,140,256.5,443.5,532
18.6,246.016,105.52,-1,-1,143,258.25,441,528.4
18.65,244.931,108.62,-1,-1,146,260,438.5,524.8
18.7,243.846,111.72,-1,-1,149,261.75,436,521.2
18.75,242.762,114.82,-1,-1,152,263.5,433.5,517.6
18.8,241.677,117.92,-1,-1,155,265.25,431,514
18.85,240.592,121.02,-1,-1,158,267,428.5,510.4
18.9,239.507,124.12,-1,-1,161,268.75,426,506.8
18.95,238.422,127.22,-1,-1,164,270.5,423.5,503.2
19,237.338,130.32,-1,-1,167,272.25,421,499.6
19.05,236.253,133.42,-1,-1,170,274,418.5,496
19.1,235.168,134.38,-1,-1,173,275.75,416,492.4
19.15,234.083,132.21,-1,-1,176,277.5,413.5,488.8
19.2,232.998,130.04,-1,-1,179,279.25,411,485.2
19.25,231.914,127.87,-1,-1,182,281,408.5,481.6
19.3,230.829,125.7,-1,-1,185,282.75,406,478
19.35,229.744,123.53,-1,-1,188,284.5,403.5,474.4
19.4,228.659,121.36,-1,-1,191,286.25,401,470.8
19.45,227.574,119.19,-1,-1,194,288,398.5,467.2
19.5,226.49,117.02,-1,-1,197,289.75,396,463.6
19.55,225.405,114.85,-1,-1,200,291.5,393.5,460
19.6,224.32,112.68,-1,-1,203,293.25,391,456.4
19.65,223.235,110.51,-1,-1,206,295,388.5,452.8
19.7,222.15,108.34,-1,-1,209,296.75,386,449.2
19.75,221.066,106.17,-1,-1,212,298.5,383.5,445.6
19.8,219.981,104,-1,-1,215,300.25,381,442
19.85,218.896,101.83,-1,-1,218,302,378.5,438.4
19.9,217.811,99.6595,-1,-1,221,303.75,376,434.8
19.95,216.726,97.4895,-1,-1,224,305.5,373.5,431.2
20,215.642,95.3195,-1,-1,227,307.25,371,427.6
20.05,214.557,93.1495,-1,-1,230,309,368.5,424
20.1,213.472,90.9795,-1,-1,233,310.75,366,420.4
20.15,212.387,88.8095,-1,-1,236,312.5,363.5,416.8
20.2,211.302,86.6395,-1,-1,239,314.25,361,413.2
20.25,210.218,84.4695,-1,-1,242,316,358.5,409.6
20.3,209.133,82.2995,-1,-1,245,317.75,356,406
20.35,208.048,80.1295,-1,-1,248,319.5,353.5,402.4
20.4,206.963,77.9595,-1,-1,251,321.25,351,398.8
20.45,205.878,75.7895,-1,-1,254,323,348.5,395.2
20.5,204.794,73.6195,-1,-1,257,324.75,346,391.6
20.55,203.709,71.4495,-1,-1,260,326.5,343.5,388
20.6,202.624,69.2795,-1,-1,263,328.25,341,384.4
20.65,201.539,67.1095,-1,-1,266,330,338.5,380.8
20.7,200.454,64.9395,-1,-1,269,331.75,336,377.2
20.75,199.37,62.7695,-1,-1,272,333.5,333.5,373.6
20.8,198.285,60.5995,-1,-1,275,335.25,331,370
20.85,197.2,58.4295,-1,-1,278,337,328.5,366.4
20.9,196.115,56.2595,-1,-1,281,338.75,326,362.8
20.95,195.03,54.0895,-1,-1,284,340.5,323.5,359.2
21,193.946,51.9195,-1,-1,287,342.25,321,355.6
21.05,192.861,49.7495,-1,-1,290,344,318.5,352
21.1,191.776,47.5795,-1,-1,293,345.75,316,348.4
>>> Colision entre particula 2 y particula 3 en t=21.1
21.15,190.691,45.4095,-1,-1,308.5,345.571,-1,-1
21.2,189.606,43.2395,-1,-1,307.571,343.5,-1,-1
21.25,188.522,41.0695,-1,-1,306.643,341.429,-1,-1
21.3,187.437,38.8995,-1,-1,305.714,339.357,-1,-1
21.35,186.352,36.7295,-1,-1,304.786,337.286,-1,-1
21.4,185.267,34.5595,-1,-1,303.857,335.214,-1,-1
21.45,184.182,32.3895,-1,-1,302.929,333.143,-1,-1
21.5,183.098,30.2195,-1,-1,302,331.071,-1,-1
21.55,182.013,28.0495,-1,-1,301.071,329,-1,-1
21.6,180.928,25.8795,-1,-1,300.143,326.929,-1,-1
21.65,179.843,23.7095,-1,-1,299.214,324.857,-1,-1
21.7,178.758,21.5395,-1,-1,298.286,322.786,-1,-1
21.75,177.674,19.3695,-1,-1,297.357,320.714,-1,-1
21.8,176.589,17.1995,-1,-1,296.429,318.643,-1,-1
21.85,175.504,15.6205,-1,-1,295.5,316.571,-1,-1
21.9,174.419,17.7905,-1,-1,294.571,314.5,-1,-1
21.95,173.334,19.9605,-1,-1,293.643,312.429,-1,-1
22,172.25,22.1305,-1,-1,292.714,310.357,-1,-1
22.05,171.165,24.3005,-1,-1,291.786,308.286,-1,-1
22.1,170.08,26.4705,-1,-1,290.857,306.214,-1,-1
22.15,168.995,28.6405,-1,-1,289.929,304.143,-1,-1
22.2,167.91,30.8105,-1,-1,289,302.071,-1,-1
22.25,166.826,32.9805,-1,-1,288.071,300,-1,-1
22.3,165.741,35.1505,-1,-1,287.143,297.929,-1,-1
22.35,164.656,37.3205,-1,-1,286.214,295.857,-1,-1
22.4,163.571,39.4905,-1,-1,285.286,293.786,-1,-1
22.45,162.486,41.6605,-1,-1,284.357,291.714,-1,-1
22.5,161.402,43.8305,-1,-1,283.429,289.643,-1,-1
22.55,160.317,46.0005,-1,-1,282.5,287.571,-1,-1
22.6,159.232,48.1705,-1,-1,281.571,285.5,-1,-1
22.65,158.147,50.3405,-1,-1,280.643,283.429,-1,-1
22.7,157.062,52.5105,-1,-1,279.714,281.357,-1,-1
22.75,155.978,54.6805,-1,-1,278.786,279.286,-1,-1
22.8,154.893,56.8505,-1,-1,277.857,277.214,-1,-1
22.85,153.808,59.0205,-1,-1,276.929,275.143,-1,-1
22.9,152.723,61.1905,-1,-1,276,273.071,-1,-1
22.95,151.638,63.3605,-1,-1,275.071,271,-1,-1
23,150.554,65.5305,-1,-1,274.143,268.929,-1,-1
23.05,149.469,67.7005,-1,-1,273.214,266.857,-1,-1
23.1,148.384,69.8705,-1,-1,272.286,264.786,-1,-1
23.15,147.299,72.0405,-1,-1,271.357,262.714,-1,-1
23.2,146.214,74.2105,-1,-1,270.429,260.643,-1,-1
23.25,145.13,76.3805,-1,-1,269.5,258.571,-1,-1
23.3,144.045,78.5505,-1,-1,268.571,256.5,-1,-1
23.35,142.96,80.7205,-1,-1,267.643,254.429,-1,-1
23.4,141.875,82.8905,-1,-1,266.714,252.357,-1,-1
23.45,140.79,85.0605,-1,-1,265.786,250.286,-1,-1
23.5,139.706,87.2305,-1,-1,264.857,248.214,-1,-1
23.55,138.621,89.4005,-1,-1,263.929,246.143,-1,-1
23.6,137.536,91.5705,-1,-1,263,246.125,-1,-1
23.65,136.451,93.7405,-1,-1,262.071,247.575,-1,-1
23.7,135.366,95.9105,-1,-1,261.143,249.025,-1,-1
23.75,134.282,98.0805,-1,-1,260.214,250.475,-1,-1
23.8,133.197,100.25,-1,-1,259.286,251.925,-1,-1
23.85,132.112,102.42,-1,-1,258.357,253.375,-1,-1
23.9,131.027,104.59,-1,-1,257.429,254.825,-1,-1
23.95,129.942,106.76,-1,-1,256.5,256.275,-1,-1
24,128.858,108.93,-1,-1,255.571,257.725,-1,-1
24.05,127.773,111.1,-1,-1,254.643,259.175,-1,-1
24.1,126.688,113.27,-1,-1,253.714,260.625,-1,-1
24.15,125.603,115.44,-1,-1,252.786,262.075,-1,-1
24.2,124.518,117.61,-1,-1,251.857,263.525,-1,-1
24.25,123.434,119.78,-1,-1,250.929,264.975,-1,-1
24.3,122.349,121.95,-1,-1,250,266.425,-1,-1
24.35,121.264,124.12,-1,-1,249.071,267.875,-1,-1
24.4,120.179,126.29,-1,-1,248.143,269.325,-1,-1
24.45,119.094,128.46,-1,-1,247.214,270.775,-1,-1
24.5,118.01,130.63,-1,-1,246.286,272.225,-1,-1
24.55,116.925,132.8,-1,-1,245.357,273.675,-1,-1
24.6,115.84,134.97,-1,-1,244.429,275.125,-1,-1
24.65,114.755,137.14,-1,-1,243.5,276.575,-1,-1
24.7,113.67,139.31,-1,-1,242.571,278.025,-1,-1
24.75,112.586,141.48,-1,-1,241.643,279.475,-1,-1
24.8,111.501,143.65,-1,-1,240.714,280.925,-1,-1
24.85,110.416,145.82,-1,-1,239.786,282.375,-1,-1
24.9,109.331,147.99,-1,-1,238.857,283.825,-1,-1
24.95,108.246,150.16,-1,-1,237.929,285.275,-1,-1
25,107.162,152.33,-1,-1,237,286.725,-1,-1
25.05,106.077,154.5,-1,-1,236.071,288.175,-1,-1
25.1,104.992,156.67,-1,-1,235.143,289.625,-1,-1
25.15,103.907,158.84,-1,-1,234.214,291.075,-1,-1
25.2,102.822,161.01,-1,-1,233.286,292.525,-1,-1
25.25,101.738,163.18,-1,-1,232.357,293.975,-1,-1
25.3,100.653,165.35,-1,-1,231.429,295.425,-1,-1
25.35,99.568,167.52,-1,-1,230.5,296.875,-1,-1
25.4,98.4832,169.69,-1,-1,229.571,298.325,-1,-1
25.45,97.3984,171.86,-1,-1,228.643,299.775,-1,-1
25.5,96.3136,174.03,-1,-1,227.714,301.225,-1,-1
25.55,95.2288,176.2,-1,-1,226.786,302.675,-1,-1
25.6,94.144,178.37,-1,-1,225.857,304.125,-1,-1
25.65,93.0592,180.54,-1,-1,224.929,305.575,-1,-1
25.7,91.9744,182.71,-1,-1,224,307.025,-1,-1
25.75,90.8896,184.88,-1,-1,223.071,308.475,-1,-1
25.8,89.8048,187.05,-1,-1,222.143,309.925,-1,-1
25.85,88.72,189.22,-1,-1,221.214,311.375,-1,-1
25.9,87.6352,191.39,-1,-1,220.286,312.825,-1,-1
25.95,86.5504,193.56,-1,-1,219.357,314.275,-1,-1
26,85.4656,195.73,-1,-1,218.429,315.725,-1,-1
26.05,84.3808,197.9,-1,-1,217.5,317.175,-1,-1
26.1,83.296,200.07,-1,-1,216.571,318.625,-1,-1
26.15,82.2112,202.24,-1,-1,215.643,320.075,-1,-1
26.2,81.1264,204.41,-1,-1,214.714,321.525,-1,-1
26.25,80.0416,206.58,-1,-1,213.786,322.975,-1,-1
26.3,78.9568,208.75,-1,-1,212.857,324.425,-1,-1
26.35,77.872,210.92,-1,-1,211.929,325.875,-1,-1
26.4,76.7872,213.09,-1,-1,211,327.325,-1,-1
26.45,75.7024,215.26,-1,-1,210.071,328.775,-1,-1
26.5,74.6176,217.43,-1,-1,209.143,330.225,-1,-1
26.55,73.5328,219.6,-1,-1,208.214,331.675,-1,-1
26.6,72.448,221.77,-1,-1,207.286,333.125,-1,-1
26.65,71.3632,223.94,-1,-1,206.357,334.575,-1,-1
26.7,70.2784,226.11,-1,-1,205.429,336.025,-1,-1
26.75,69.1936,228.28,-1,-1,204.5,337.475,-1,-1
26.8,68.1088,230.45,-1,-1,203.571,338.925,-1,-1
26.85,67.024,232.62,-1,-1,202.643,340.375,-1,-1
26.9,65.9392,234.79,-1,-1,201.714,341.825,-1,-1
26.95,64.8544,236.96,-1,-1,200.786,343.275,-1,-1
27,63.7696,239.13,-1,-1,199.857,344.725,-1,-1
27.05,62.6848,241.3,-1,-1,198.929,346.175,-1,-1
27.1,61.6,243.47,-1,-1,198,347.625,-1,-1
27.15,60.5152,245.64,-1,-1,197.071,349.075,-1,-1
27.2,59.4304,247.81,-1,-1,196.143,350.525,-1,-1
27.25,58.3456,249.98,-1,-1,195.214,351.975,-1,-1
27.3,57.2608,252.15,-1,-1,194.286,353.425,-1,-1
27.35,56.176,254.32,-1,-1,193.357,354.875,-1,-1
27.4,55.0912,256.49,-1,-1,192.429,356.325,-1,-1
27.45,54.0064,258.66,-1,-1,191.5,357.775,-1,-1
27.5,52.9216,260.83,-1,-1,190.571,359.225,-1,-1
27.55,51.8368,263,-1,-1,189.643,360.675,-1,-1
27.6,50.752,265.17,-1,-1,188.714,362.125,-1,-1
27.65,49.6672,267.34,-1,-1,187.786,363.575,-1,-1
27.7,48.5824,269.51,-1,-1,186.857,363.875,-1,-1
27.75,47.4976,271.68,-1,-1,185.929,362.715,-1,-1
27.8,46.4128,273.85,-1,-1,185,361.555,-1,-1
27.85,45.328,276.02,-1,-1,184.071,360.395,-1,-1
27.9,44.2432,278.19,-1,-1,183.143,359.235,-1,-1
27.95,43.1584,280.36,-1,-1,182.214,358.075,-1,-1
28,42.0736,282.53,-1,-1,181.286,356.915,-1,-1
28.05,40.9888,284.7,-1,-1,180.357,355.755,-1,-1
28.1,39.904,286.87,-1,-1,179.429,354.595,-1,-1
28.15,38.8192,289.04,-1,-1,178.5,353.435,-1,-1
28.2,37.7344,291.21,-1,-1,177.571,352.275,-1,-1
28.25,36.6496,293.38,-1,-1,176.643,351.115,-1,-1
28.3,35.5648,295.55,-1,-1,175.714,349.955,-1,-1
28.35,34.48,297.72,-1,-1,174.786,348.795,-1,-1
28.4,33.3952,299.89,-1,-1,173.857,347.635,-1,-1
28.45,32.3104,302.06,-1,-1,172.929,346.475,-1,-1
28.5,31.2256,304.23,-1,-1,172,345.315,-1,-1
28.55,30.1408,306.4,-1,-1,171.071,344.155,-1,-1
28.6,29.056,308.57,-1,-1,170.143,342.995,-1,-1
28.65,27.9712,310.74,-1,-1,169.214,341.835,-1,-1
28.7,26.8864,312.91,-1,-1,168.286,340.675,-1,-1
28.75,25.8016,315.08,-1,-1,167.357,339.515,-1,-1
28.8,24.7168,317.25,-1,-1,166.429,338.355,-1,-1
28.85,23.632,319.42,-1,-1,165.5,337.195,-1,-1
28.9,22.5472,321.59,-1,-1,164.571,336.035,-1,-1
28.95,21.4624,323.76,-1,-1,163.643,334.875,-1,-1
29,20.3776,325.93,-1,-1,162.714,333.715,-1,-1
29.05,19.2928,328.1,-1,-1,161.786,332.555,-1,-1
29.1,18.208,330.27,-1,-1,160.857,331.395,-1,-1
29.15,17.1232,332.44,-1,-1,159.929,330.235,-1,-1
29.2,16.0384,334.61,-1,-1,159,329.075,-1,-1
29.25,15.6205,336.78,-1,-1,158.071,327.915,-1,-1
29.3,16.7053,338.95,-1,-1,157.143,326.755,-1,-1
29.35,17.7901,341.12,-1,-1,156.214,325.595,-1,-1
29.4,18.8749,343.29,-1,-1,155.286,324.435,-1,-1
29.45,19.9597,345.46,-1,-1,154.357,323.275,-1,-1
29.5,21.0445,347.63,-1,-1,153.429,322.115,-1,-1
29.55,22.1293,349.8,-1,-1,152.5,320.955,-1,-1
29.6,23.2141,351.97,-1,-1,151.571,319.795,-1,-1
29.65,24.2989,354.14,-1,-1,150.643,318.635,-1,-1
29.7,25.3837,356.31,-1,-1,149.714,317.475,-1,-1
29.75,26.4685,358.48,-1,-1,148.786,316.315,-1,-1
29.8,27.5533,360.65,-1,-1,147.857,315.155,-1,-1
29.85,28.6381,362.82,-1,-1,146.929,313.995,-1,-1
29.9,29.7229,364.99,-1,-1,146,312.835,-1,-1
29.95,30.8077,367.16,-1,-1,145.071,311.675,-1,-1
30,31.8925,369.33,-1,-1,144.143,310.515,-1,-1
30.05,32.9773,371.5,-1,-1,143.214,309.355,-1,-1
30.1,34.0621,373.67,-1,-1,142.286,308.195,-1,-1
30.15,35.1469,375.84,-1,-1,141.357,307.035,-1,-1
30.2,36.2317,378.01,-1,-1,140.429,305.875,-1,-1
30.25,37.3165,380.18,-1,-1,139.5,304.715,-1,-1
30.3,38.4013,382.35,-1,-1,138.571,303.555,-1,-1
30.35,39.4861,384.52,-1,-1,137.643,302.395,-1,-1
30.4,40.5709,386.69,-1,-1,136.714,301.235,-1,-1
30.45,41.6557,388.86,-1,-1,135.786,300.075,-1,-1
30.5,42.7405,391.03,-1,-1,134.857,298.915,-1,-1
30.55,43.8253,393.2,-1,-1,133.929,297.755,-1,-1
30.6,44.9101,395.37,-1,-1,133,296.595,-1,-1
30.65,45.9949,397.54,-1,-1,132.071,295.435,-1,-1
30.7,47.0797,399.71,-1,-1,131.143,294.275,-1,-1
30.75,48.1645,401.88,-1,-1,130.214,293.115,-1,-1
30.8,49.2493,404.05,-1,-1,129.286,291.955,-1,-1
30.85,50.3341,406.22,-1,-1,128.357,290.795,-1,-1
30.9,51.4189,408.39,-1,-1,127.429,289.635,-1,-1
30.95,52.5037,410.56,-1,-1,126.5,288.475,-1,-1
31,53.5885,412.73,-1,-1,125.571,287.315,-1,-1
31.05,54.6733,414.9,-1,-1,124.643,286.155,-1,-1
31.1,55.7581,417.07,-1,-1,123.714,284.995,-1,-1
31.15,56.8429,419.24,-1,-1,122.786,283.835,-1,-1
31.2,57.9277,421.41,-1,-1,121.857,282.675,-1,-1
31.25,59.0125,423.58,-1,-1,120.929,281.515,-1,-1
31.3,60.0973,425.75,-1,-1,120,280.355,-1,-1
31.35,61.1821,427.92,-1,-1,119.071,279.195,-1,-1
31.4,62.2669,430.09,-1,-1,118.143,278.035,-1,-1
31.45,63.3517,432.26,-1,-1,117.214,276.875,-1,-1
31.5,64.4365,434.43,-1,-1,116.286,275.715,-1,-1
31.55,65.5213,436.6,-1,-1,115.357,274.555,-1,-1
31.6,66.6061,438.77,-1,-1,114.429,273.395,-1,-1
31.65,67.6909,440.94,-1,-1,113.5,272.235,-1,-1
31.7,68.7757,443.11,-1,-1,112.571,271.075,-1,-1
31.75,69.8605,445.28,-1,-1,111.643,269.915,-1,-1
31.8,70.9453,447.45,-1,-1,110.714,268.755,-1,-1
31.85,72.0301,449.62,-1,-1,109.786,267.595,-1,-1
31.9,73.1149,451.79,-1,-1,108.857,266.435,-1,-1
31.95,74.1997,453.96,-1,-1,107.929,265.275,-1,-1
32,75.2845,456.13,-1,-1,107,264.115,-1,-1
32.05,76.3693,458.3,-1,-1,106.071,262.955,-1,-1
32.1,77.4541,460.47,-1,-1,105.143,261.795,-1,-1
32.15,78.5389,462.64,-1,-1,104.214,260.635,-1,-1
32.2,79.6237,464.81,-1,-1,103.286,259.475,-1,-1
32.25,80.7085,466.98,-1,-1,102.357,258.315,-1,-1
32.3,81.7933,469.15,-1,-1,101.429,257.155,-1,-1
32.35,82.8781,471.32,-1,-1,100.5,255.995,-1,-1
32.4,83.9629,473.49,-1,-1,99.5714,254.835,-1,-1
32.45,85.0477,475.66,-1,-1,98.6429,253.675,-1,-1
32.5,86.1325,477.83,-1,-1,97.7143,252.515,-1,-1
32.55,87.2173,480,-1,-1,96.7857,251.355,-1,-1
32.6,88.3021,482.17,-1,-1,95.8571,250.195,-1,-1
32.65,89.3869,484.34,-1,-1,94.9286,249.035,-1,-1
32.7,90.4717,486.51,-1,-1,94,247.875,-1,-1
32.75,91.5565,488.68,-1,-1,93.0714,246.715,-1,-1
32.8,92.6413,490.85,-1,-1,92.1429,245.555,-1,-1
32.85,93.7261,493.02,-1,-1,91.2143,244.395,-1,-1
32.9,94.8109,495.19,-1,-1,90.2857,243.235,-1,-1
32.95,95.8957,497.36,-1,-1,89.3571,242.075,-1,-1
33,96.9805,499.53,-1,-1,88.4286,240.915,-1,-1
33.05,98.0653,501.7,-1,-1,87.5,239.755,-1,-1
33.1,99.1501,503.87,-1,-1,86.5714,238.595,-1,-1
33.15,100.235,506.04,-1,-1,85.6429,237.435,-1,-1
33.2,101.32,508.21,-1,-1,84.7143,236.275,-1,-1
33.25,102.404,510.38,-1,-1,83.7857,235.115,-1,-1
33.3,103.489,512.55,-1,-1,82.8571,233.955,-1,-1
33.35,104.574,514.72,-1,-1,81.9286,232.795,-1,-1
33.4,105.659,516.89,-1,-1,81,231.635,-1,-1
33.45,106.744,519.06,-1,-1,80.0714,230.475,-1,-1
33.5,107.828,521.23,-1,-1,79.1429,229.315,-1,-1
33.55,108.913,523.4,-1,-1,78.2143,228.155,-1,-1
33.6,109.998,525.57,-1,-1,77.2857,226.995,-1,-1
33.65,111.083,527.74,-1,-1,76.3571,225.835,-1,-1
33.7,112.168,529.91,-1,-1,75.4286,224.675,-1,-1
33.75,113.252,532.08,-1,-1,74.5,223.515,-1,-1
33.8,114.337,534.25,-1,-1,73.5714,222.355,-1,-1
33.85,115.422,536.42,-1,-1,72.6429,221.195,-1,-1
33.9,116.507,538.59,-1,-1,71.7143,220.035,-1,-1
33.95,117.592,540.76,-1,-1,70.7857,218.875,-1,-1
34,118.676,542.93,-1,-1,69.8571,217.715,-1,-1
34.05,119.761,545.1,-1,-1,68.9286,216.555,-1,-1
34.1,120.846,547.27,-1,-1,68,215.395,-1,-1
34.15,121.931,549.44,-1,-1,67.0714,214.235,-1,-1
34.2,123.016,551.61,-1,-1,66.1429,213.075,-1,-1
34.25,124.1,553.78,-1,-1,65.2143,211.915,-1,-1
34.3,125.185,555.95,-1,-1,64.2857,210.755,-1,-1
34.35,126.27,558.12,-1,-1,63.3571,209.595,-1,-1
34.4,127.355,560.29,-1,-1,62.4286,208.435,-1,-1
34.45,128.44,562.46,-1,-1,61.5,207.275,-1,-1
34.5,129.524,564.63,-1,-1,60.5714,206.115,-1,-1
34.55,130.609,566.8,-1,-1,59.6429,204.955,-1,-1
34.6,131.694,568.97,-1,-1,58.7143,203.795,-1,-1
34.65,132.779,571.14,-1,-1,57.7857,202.635,-1,-1
34.7,133.864,573.31,-1,-1,56.8571,201.475,-1,-1
34.75,134.948,575.48,-1,-1,55.9286,200.315,-1,-1
34.8,136.033,577.65,-1,-1,55,199.155,-1,-1
34.85,137.118,579.82,-1,-1,54.0714,197.995,-1,-1
34.9,138.203,581.99,-1,-1,53.1429,196.835,-1,-1
34.95,139.288,584.16,-1,-1,52.2143,195.675,-1,-1
35,140.372,584.38,-1,-1,51.2857,194.515,-1,-1
35.05,141.457,582.21,-1,-1,50.3571,193.355,-1,-1
35.1,142.542,580.04,-1,-1,49.4286,192.195,-1,-1
35.15,143.627,577.87,-1,-1,48.5,191.035,-1,-1
35.2,144.712,575.7,-1,-1,47.5714,189.875,-1,-1
35.25,145.796,573.53,-1,-1,46.6429,188.715,-1,-1
35.3,146.881,571.36,-1,-1,45.7143,187.555,-1,-1
35.35,147.966,569.19,-1,-1,44.7857,186.395,-1,-1
35.4,149.051,567.02,-1,-1,43.8571,185.235,-1,-1
35.45,150.136,564.85,-1,-1,42.9286,184.075,-1,-1
35.5,151.22,562.68,-1,-1,42,182.915,-1,-1
35.55,152.305,560.51,-1,-1,41.0714,181.755,-1,-1
35.6,153.39,558.34,-1,-1,40.1429,180.595,-1,-1
35.65,154.475,556.17,-1,-1,39.2143,179.435,-1,-1
35.7,155.56,554,-1,-1,38.2857,178.275,-1,-1
35.75,156.644,551.83,-1,-1,37.3571,177.115,-1,-1
35.8,157.729,549.66,-1,-1,36.4286,175.955,-1,-1
35.85,158.814,547.49,-1,-1,35.5,174.795,-1,-1
35.9,159.899,545.32,-1,-1,34.5714,173.635,-1,-1
35.95,160.984,543.15,-1,-1,33.6429,172.475,-1,-1
36,162.068,540.98,-1,-1,32.7143,171.315,-1,-1
36.05,163.153,538.81,-1,-1,31.7857,170.155,-1,-1
36.1,164.238,536.64,-1,-1,30.8571,168.995,-1,-1
36.15,165.323,534.47,-1,-1,29.9286,167.835,-1,-1
36.2,166.408,532.3,-1,-1,29,166.675,-1,-1
36.25,167.492,530.13,-1,-1,28.0714,165.515,-1,-1
36.3,168.577,527.96,-1,-1,27.1429,164.355,-1,-1
36.35,169.662,525.79,-1,-1,26.2143,163.195,-1,-1
36.4,170.747,523.62,-1,-1,25.2857,162.035,-1,-1
36.45,171.832,521.45,-1,-1,24.3571,160.875,-1,-1
36.5,172.916,519.28,-1,-1,23.4286,159.715,-1,-1
36.55,174.001,517.11,-1,-1,22.5,158.555,-1,-1
36.6,175.086,514.94,-1,-1,21.5714,157.395,-1,-1
36.65,176.171,512.77,-1,-1,20.6429,156.235,-1,-1
36.7,177.256,510.6,-1,-1,19.7143,155.075,-1,-1
36.75,178.34,508.43,-1,-1,18.7857,153.915,-1,-1
36.8,179.425,506.26,-1,-1,17.8571,152.755,-1,-1
36.85,180.51,504.09,-1,-1,16.9286,151.595,-1,-1
36.9,181.595,501.92,-1,-1,16.1245,150.435,-1,-1
36.95,182.68,499.75,-1,-1,17.0531,149.275,-1,-1
37,183.764,497.58,-1,-1,17.9817,148.115,-1,-1
37.05,184.849,495.41,-1,-1,18.9102,146.955,-1,-1
37.1,185.934,493.24,-1,-1,19.8388,145.795,-1,-1
37.15,187.019,491.07,-1,-1,20.7674,144.635,-1,-1
37.2,188.104,488.9,-1,-1,21.6959,143.475,-1,-1
37.25,189.188,486.73,-1,-1,22.6245,142.315,-1,-1
37.3,190.273,484.56,-1,-1,23.5531,141.155,-1,-1
37.35,191.358,482.39,-1,-1,24.4817,139.995,-1,-1
37.4,192.443,480.22,-1,-1,25.4102,138.835,-1,-1
37.45,193.528,478.05,-1,-1,26.3388,137.675,-1,-1
37.5,194.612,475.88,-1,-1,27.2674,136.515,-1,-1
37.55,195.697,475.62,-1,-1,28.1959,135.355,-1,-1
37.6,196.782,477.356,-1,-1,29.1245,134.195,-1,-1
37.65,197.867,479.092,-1,-1,30.0531,133.035,-1,-1
37.7,198.952,480.828,-1,-1,30.9817,131.875,-1,-1
37.75,200.036,482.564,-1,-1,31.9102,130.715,-1,-1
37.8,201.121,484.3,-1,-1,32.8388,129.555,-1,-1
37.85,202.206,486.036,-1,-1,33.7674,128.395,-1,-1
37.9,203.291,487.772,-1,-1,34.6959,127.235,-1,-1
37.95,204.376,489.508,-1,-1,35.6245,126.075,-1,-1
38,205.46,491.244,-1,-1,36.5531,124.915,-1,-1
38.05,206.545,492.98,-1,-1,37.4817,123.755,-1,-1
38.1,207.63,494.716,-1,-1,38.4102,122.595,-1,-1
38.15,208.715,496.452,-1,-1,39.3388,121.435,-1,-1
38.2,209.8,498.188,-1,-1,40.2674,120.275,-1,-1
38.25,210.884,499.924,-1,-1,41.1959,119.115,-1,-1
38.3,211.969,501.66,-1,-1,42.1245,117.955,-1,-1
38.35,213.054,503.396,-1,-1,43.0531,116.795,-1,-1
38.4,214.139,505.132,-1,-1,43.9817,115.635,-1,-1
38.45,215.224,506.868,-1,-1,44.9102,114.475,-1,-1
38.5,216.308,508.604,-1,-1,45.8388,113.315,-1,-1
38.55,217.393,510.34,-1,-1,46.7674,112.155,-1,-1
38.6,218.478,512.076,-1,-1,47.6959,110.995,-1,-1
38.65,219.563,513.812,-1,-1,48.6245,109.835,-1,-1
38.7,220.648,515.548,-1,-1,49.5531,108.675,-1,-1
38.75,221.732,517.284,-1,-1,50.4817,107.515,-1,-1
38.8,222.817,519.02,-1,-1,51.4102,106.355,-1,-1
38.85,223.902,520.756,-1,-1,52.3388,105.195,-1,-1
38.9,224.987,522.492,-1,-1,53.2674,104.035,-1,-1
38.95,226.072,524.228,-1,-1,54.1959,102.875,-1,-1
39,227.156,525.964,-1,-1,55.1245,101.715,-1,-1
39.05,228.241,527.7,-1,-1,56.0531,100.555,-1,-1
39.1,229.326,529.436,-1,-1,56.9817,99.3955,-1,-1
39.15,230.411,531.172,-1,-1,57.9102,98.2355,-1,-1
39.2,231.496,532.908,-1,-1,58.8388,97.0755,-1,-1
39.25,232.58,534.644,-1,-1,59.7674,95.9155,-1,-1
39.3,233.665,536.38,-1,-1,60.6959,94.7555,-1,-1
39.35,234.75,538.116,-1,-1,61.6245,93.5955,-1,-1
39.4,235.835,539.852,-1,-1,62.5531,92.4355,-1,-1
39.45,236.92,541.588,-1,-1,63.4817,91.2755,-1,-1
39.5,238.004,543.324,-1,-1,64.4102,90.1155,-1,-1
39.55,239.089,545.06,-1,-1,65.3388,88.9555,-1,-1
39.6,240.174,546.796,-1,-1,66.2674,87.7955,-1,-1
39.65,241.259,548.532,-1,-1,67.1959,86.6355,-1,-1
39.7,242.344,550.268,-1,-1,68.1245,85.4755,-1,-1
39.75,243.428,552.004,-1,-1,69.0531,84.3155,-1,-1
39.8,244.513,553.74,-1,-1,69.9817,83.1555,-1,-1
39.85,245.598,555.476,-1,-1,70.9102,81.9955,-1,-1
39.9,246.683,557.212,-1,-1,71.8388,80.8355,-1,-1
39.95,247.768,558.948,-1,-1,72.7674,79.6755,-1,-1
40,248.852,560.684,-1,-1,73.6959,78.5155,-1,-1
40.05,249.937,562.42,-1,-1,74.6245,77.3555,-1,-1
40.1,251.022,564.156,-1,-1,75.5531,76.1955,-1,-1
40.15,252.107,565.892,-1,-1,76.4817,75.0355,-1,-1
40.2,253.192,567.628,-1,-1,77.4102,73.8755,-1,-1
40.25,254.276,569.364,-1,-1,78.3388,72.7155,-1,-1
40.3,255.361,571.1,-1,-1,79.2674,71.5555,-1,-1
40.35,256.446,572.836,-1,-1,80.1959,70.3955,-1,-1
40.4,257.531,574.572,-1,-1,81.1245,69.2355,-1,-1
40.45,258.616,576.308,-1,-1,82.0531,68.0755,-1,-1
40.5,259.7,578.044,-1,-1,82.9817,66.9155,-1,-1
40.55,260.785,579.78,-1,-1,83.9102,65.7555,-1,-1
40.6,261.87,581.516,-1,-1,84.8388,64.5955,-1,-1
40.65,262.955,583.252,-1,-1,85.7674,63.4355,-1,-1
40.7,264.04,584.38,-1,-1,86.6959,62.2755,-1,-1
40.75,265.124,582.644,-1,-1,87.6245,61.1155,-1,-1
40.8,266.209,580.908,-1,-1,88.5531,59.9555,-1,-1
40.85,267.294,579.172,-1,-1,89.4817,58.7955,-1,-1
40.9,268.379,577.436,-1,-1,90.4102,57.6355,-1,-1
40.95,269.464,575.7,-1,-1,91.3388,56.4755,-1,-1
41,270.548,573.964,-1,-1,92.2674,55.3155,-1,-1
41.05,271.633,572.228,-1,-1,93.1959,54.1555,-1,-1
41.1,272.718,570.492,-1,-1,94.1245,52.9955,-1,-1
41.15,273.803,568.756,-1,-1,95.0531,51.8355,-1,-1
41.2,274.888,567.02,-1,-1,95.9817,50.6755,-1,-1
41.25,275.972,565.284,-1,-1,96.9102,49.5155,-1,-1
41.3,277.057,563.548,-1,-1,97.8388,48.3555,-1,-1
41.35,278.142,561.812,-1,-1,98.7674,47.1955,-1,-1
41.4,279.227,560.076,-1,-1,99.6959,46.0355,-1,-1
41.45,280.312,558.34,-1,-1,100.625,44.8755,-1,-1
41.5,281.396,556.604,-1,-1,101.553,43.7155,-1,-1
41.55,282.481,554.868,-1,-1,102.482,42.5555,-1,-1
41.6,283.566,553.132,-1,-1,103.41,41.3955,-1,-1
41.65,284.651,551.396,-1,-1,104.339,40.2355,-1,-1
41.7,285.736,549.66,-1,-1,105.267,39.0755,-1,-1
41.75,286.82,547.924,-1,-1,106.196,37.9155,-1,-1
41.8,287.905,546.188,-1,-1,107.125,36.7555,-1,-1
41.85,288.99,544.452,-1,-1,108.053,35.5955,-1,-1
41.9,290.075,542.716,-1,-1,108.982,34.4355,-1,-1
41.95,291.16,540.98,-1,-1,109.91,33.2755,-1,-1
42,292.244,539.244,-1,-1,110.839,32.1155,-1,-1
42.05,293.329,537.508,-1,-1,111.767,30.9555,-1,-1
42.1,294.414,535.772,-1,-1,112.696,29.7955,-1,-1
42.15,295.499,534.036,-1,-1,113.625,28.6355,-1,-1
42.2,296.584,532.3,-1,-1,114.553,27.4755,-1,-1
42.25,297.668,530.564,-1,-1,115.482,26.3155,-1,-1
42.3,298.753,528.828,-1,-1,116.41,25.1555,-1,-1
42.35,299.838,527.092,-1,-1,117.339,23.9955,-1,-1
42.4,300.923,525.356,-1,-1,118.267,22.8355,-1,-1
42.45,302.008,523.62,-1,-1,119.196,21.6755,-1,-1
42.5,303.092,521.884,-1,-1,120.125,20.5155,-1,-1
42.55,304.177,520.148,-1,-1,121.053,19.3555,-1,-1
42.6,305.262,518.412,-1,-1,121.982,18.1955,-1,-1
42.65,306.347,516.676,-1,-1,122.91,17.0355,-1,-1
42.7,307.432,514.94,-1,-1,123.839,16.1245,-1,-1
42.75,308.516,513.204,-1,-1,124.767,17.2845,-1,-1
42.8,309.601,511.468,-1,-1,125.696,18.4445,-1,-1
42.85,310.686,509.732,-1,-1,126.625,19.6045,-1,-1
42.9,311.771,507.996,-1,-1,127.553,20.7645,-1,-1
42.95,312.856,506.26,-1,-1,128.482,21.9245,-1,-1
43,313.94,504.524,-1,-1,129.41,23.0845,-1,-1
43.05,315.025,502.788,-1,-1,130.339,24.2445,-1,-1
43.1,316.11,501.052,-1,-1,131.267,25.4045,-1,-1
43.15,317.195,499.316,-1,-1,132.196,26.5645,-1,-1
43.2,318.28,497.58,-1,-1,133.125,27.7245,-1,-1
43.25,319.364,495.844,-1,-1,134.053,28.8845,-1,-1
43.3,320.449,494.108,-1,-1,134.982,30.0445,-1,-1
43.35,321.534,492.372,-1,-1,135.91,31.2045,-1,-1
43.4,322.619,490.636,-1,-1,136.839,32.3645,-1,-1
43.45,323.704,488.9,-1,-1,137.767,33.5245,-1,-1
43.5,324.788,487.164,-1,-1,138.696,34.6845,-1,-1
43.55,325.873,485.428,-1,-1,139.625,35.8445,-1,-1
43.6,326.958,483.692,-1,-1,140.553,37.0045,-1,-1
43.65,328.043,481.956,-1,-1,141.482,38.1645,-1,-1
43.7,329.128,480.22,-1,-1,142.41,39.3245,-1,-1
43.75,330.212,478.484,-1,-1,143.339,40.4845,-1,-1
43.8,331.297,476.748,-1,-1,144.267,41.6445,-1,-1
43.85,332.382,475.012,-1,-1,145.196,42.8045,-1,-1
43.9,333.467,473.276,-1,-1,146.125,43.9645,-1,-1
43.95,334.552,471.54,-1,-1,147.053,45.1245,-1,-1
44,335.636,469.804,-1,-1,147.982,46.2845,-1,-1
44.05,336.721,468.068,-1,-1,148.91,47.4445,-1,-1
44.1,337.806,466.332,-1,-1,149.839,48.6045,-1,-1
44.15,338.891,464.596,-1,-1,150.767,49.7645,-1,-1
44.2,339.976,462.86,-1,-1,151.696,50.9245,-1,-1
44.25,341.06,461.124,-1,-1,152.625,52.0845,-1,-1
44.3,342.145,459.388,-1,-1,153.553,53.2445,-1,-1
44.35,343.23,457.652,-1,-1,154.482,54.4045,-1,-1
44.4,344.315,455.916,-1,-1,155.41,55.5645,-1,-1
44.45,345.4,454.18,-1,-1,156.339,56.7245,-1,-1
44.5,346.484,452.444,-1,-1,157.267,57.8845,-1,-1
44.55,347.569,450.708,-1,-1,158.196,59.0445,-1,-1
44.6,348.654,448.972,-1,-1,159.125,60.2045,-1,-1
44.65,349.739,447.236,-1,-1,160.053,61.3645,-1,-1
44.7,350.824,445.5,-1,-1,160.982,62.5245,-1,-1
44.75,351.908,443.764,-1,-1,161.91,63.6845,-1,-1
44.8,352.993,442.028,-1,-1,162.839,64.8445,-1,-1
44.85,354.078,440.292,-1,-1,163.767,66.0045,-1,-1
44.9,355.163,438.556,-1,-1,164.696,67.1645,-1,-1
44.95,356.248,436.82,-1,-1,165.625,68.3245,-1,-1
45,357.332,435.084,-1,-1,166.553,69.4845,-1,-1
45.05,358.417,433.348,-1,-1,167.482,70.6445,-1,-1
45.1,359.502,431.612,-1,-1,168.41,71.8045,-1,-1
45.15,360.587,429.876,-1,-1,169.339,72.9645,-1,-1
45.2,361.672,428.14,-1,-1,170.267,74.1245,-1,-1
45.25,362.756,426.404,-1,-1,171.196,75.2845,-1,-1
45.3,363.841,424.668,-1,-1,172.125,76.4445,-1,-1
45.35,364.926,422.932,-1,-1,173.053,77.6045,-1,-1
45.4,366.011,421.196,-1,-1,173.982,78.7645,-1,-1
45.45,367.096,419.46,-1,-1,174.91,79.9245,-1,-1
45.5,368.18,417.724,-1,-1,175.839,81.0845,-1,-1
45.55,369.265,415.988,-1,-1,176.767,82.2445,-1,-1
45.6,370.35,414.252,-1,-1,177.696,83.4045,-1,-1
45.65,371.435,412.516,-1,-1,178.625,84.5645,-1,-1
45.7,372.52,410.78,-1,-1,179.553,85.7245,-1,-1
45.75,373.604,409.044,-1,-1,180.482,86.8845,-1,-1
45.8,374.689,407.308,-1,-1,181.41,88.0445,-1,-1
45.85,375.774,405.572,-1,-1,182.339,89.2045,-1,-1
45.9,376.859,403.836,-1,-1,183.267,90.3645,-1,-1
45.95,377.944,402.1,-1,-1,184.196,91.5245,-1,-1
46,379.028,400.364,-1,-1,185.125,92.6845,-1,-1
46.05,380.113,398.628,-1,-1,186.053,93.8445,-1,-1
46.1,381.198,396.892,-1,-1,186.982,95.0045,-1,-1
46.15,382.283,395.156,-1,-1,187.91,96.1645,-1,-1
46.2,383.368,393.42,-1,-1,188.839,97.3245,-1,-1
46.25,384.452,391.684,-1,-1,189.767,98.4845,-1,-1
46.3,385.537,389.948,-1,-1,190.696,99.6445,-1,-1
46.35,386.622,388.212,-1,-1,191.625,100.805,-1,-1
46.4,387.707,386.476,-1,-1,192.553,101.965,-1,-1
46.45,388.792,384.74,-1,-1,193.482,103.125,-1,-1
46.5,389.876,383.004,-1,-1,194.41,104.285,-1,-1
46.55,390.961,381.268,-1,-1,195.339,105.445,-1,-1
46.6,392.046,379.532,-1,-1,196.267,106.605,-1,-1
46.65,393.131,377.796,-1,-1,197.196,107.765,-1,-1
46.7,394.216,376.06,-1,-1,198.125,108.925,-1,-1
46.75,395.3,374.324,-1,-1,199.053,110.085,-1,-1
46.8,396.385,372.588,-1,-1,199.982,111.245,-1,-1
46.85,397.47,370.852,-1,-1,200.91,112.405,-1,-1
46.9,398.555,369.116,-1,-1,201.839,113.565,-1,-1
46.95,399.64,367.38,-1,-1,202.767,114.725,-1,-1
47,400.724,365.644,-1,-1,203.696,115.885,-1,-1
47.05,401.809,363.908,-1,-1,204.625,117.045,-1,-1
47.1,402.894,362.172,-1,-1,205.553,118.205,-1,-1
47.15,403.979,360.436,-1,-1,206.482,119.365,-1,-1
47.2,405.064,358.7,-1,-1,207.41,120.525,-1,-1
47.25,406.148,356.964,-1,-1,208.339,121.685,-1,-1
47.3,407.233,355.228,-1,-1,209.267,122.845,-1,-1
47.35,408.318,353.492,-1,-1,210.196,124.005,-1,-1
47.4,409.403,351.756,-1,-1,211.125,125.165,-1,-1
47.45,410.488,350.02,-1,-1,212.053,126.325,-1,-1
47.5,411.572,348.284,-1,-1,212.982,127.485,-1,-1
47.55,412.657,346.548,-1,-1,213.91,128.645,-1,-1
47.6,413.742,344.812,-1,-1,214.839,129.805,-1,-1
47.65,414.827,343.076,-1,-1,215.767,130.965,-1,-1
47.7,415.912,341.34,-1,-1,216.696,132.125,-1,-1
47.75,416.996,339.604,-1,-1,217.625,133.285,-1,-1
47.8,418.081,337.868,-1,-1,218.553,133.875,-1,-1
47.85,419.166,336.132,-1,-1,219.482,133.063,-1,-1
47.9,420.251,334.396,-1,-1,220.41,132.251,-1,-1
47.95,421.336,332.66,-1,-1,221.339,131.439,-1,-1
48,422.42,330.924,-1,-1,222.267,130.627,-1,-1
48.05,423.505,329.188,-1,-1,223.196,129.815,-1,-1
48.1,424.59,327.452,-1,-1,224.125,129.003,-1,-1
48.15,425.675,325.716,-1,-1,225.053,128.191,-1,-1
48.2,426.76,323.98,-1,-1,225.982,127.379,-1,-1
48.25,427.844,322.244,-1,-1,226.91,126.567,-1,-1
48.3,428.929,320.508,-1,-1,227.839,125.755,-1,-1
48.35,430.014,318.772,-1,-1,228.767,124.943,-1,-1
48.4,431.099,317.036,-1,-1,229.696,124.131,-1,-1
48.45,432.184,315.3,-1,-1,230.625,123.319,-1,-1
48.5,433.268,313.564,-1,-1,231.553,122.507,-1,-1
48.55,434.353,311.828,-1,-1,232.482,121.695,-1,-1
48.6,434.38,310.092,-1,-1,233.41,120.883,-1,-1
48.65,433.729,308.356,-1,-1,234.339,120.071,-1,-1
48.7,433.078,306.62,-1,-1,235.267,119.259,-1,-1
48.75,432.427,304.884,-1,-1,236.196,118.447,-1,-1
48.8,431.776,303.148,-1,-1,237.125,117.635,-1,-1
48.85,431.125,301.412,-1,-1,238.053,116.823,-1,-1
48.9,430.474,299.676,-1,-1,238.982,116.011,-1,-1
48.95,429.823,297.94,-1,-1,239.91,115.199,-1,-1
49,429.172,296.204,-1,-1,240.839,114.387,-1,-1
49.05,428.522,294.468,-1,-1,241.767,113.575,-1,-1
49.1,427.871,292.732,-1,-1,242.696,112.763,-1,-1
49.15,427.22,290.996,-1,-1,243.625,111.951,-1,-1
49.2,426.569,289.26,-1,-1,244.553,111.139,-1,-1
49.25,425.918,287.524,-1,-1,245.482,110.327,-1,-1
49.3,425.267,285.788,-1,-1,246.41,109.515,-1,-1
49.35,424.616,284.052,-1,-1,247.339,108.703,-1,-1
49.4,423.965,282.316,-1,-1,248.267,107.891,-1,-1
49.45,423.315,280.58,-1,-1,249.196,107.079,-1,-1
49.5,422.664,278.844,-1,-1,250.125,106.267,-1,-1
49.55,422.013,277.108,-1,-1,251.053,105.455,-1,-1
49.6,421.362,275.372,-1,-1,251.982,104.643,-1,-1
49.65,420.711,273.636,-1,-1,252.91,103.831,-1,-1
49.7,420.06,271.9,-1,-1,253.839,103.019,-1,-1
49.75,419.409,270.164,-1,-1,254.767,102.207,-1,-1
49.8,418.758,268.428,-1,-1,255.696,101.395,-1,-1
49.85,418.108,266.692,-1,-1,256.625,100.583,-1,-1
49.9,417.457,264.956,-1,-1,257.553,99.7715,-1,-1
49.95,416.806,263.22,-1,-1,258.482,98.9595,-1,-1
50,416.155,261.484,-1,-1,259.41,98.1475,-1,-1
50.05,415.504,259.748,-1,-1,260.339,97.3355,-1,-1
50.1,414.853,258.012,-1,-1,261.267,96.5235,-1,-1
50.15,414.202,256.276,-1,-1,262.196,95.7115,-1,-1
50.2,413.551,254.54,-1,-1,263.125,94.8995,-1,-1
50.25,412.9,252.804,-1,-1,264.053,94.0875,-1,-1
50.3,412.25,251.068,-1,-1,264.982,93.2755,-1,-1
50.35,411.599,249.332,-1,-1,265.91,92.4635,-1,-1
50.4,410.948,247.596,-1,-1,266.839,91.6515,-1,-1
50.45,410.297,245.86,-1,-1,267.767,90.8395,-1,-1
50.5,409.646,244.124,-1,-1,268.696,90.0275,-1,-1
50.55,408.995,242.388,-1,-1,269.625,89.2155,-1,-1
50.6,408.344,240.652,-1,-1,270.553,88.4035,-1,-1
50.65,407.693,238.916,-1,-1,271.482,87.5915,-1,-1
50.7,407.043,237.18,-1,-1,272.41,86.7795,-1,-1
50.75,406.392,235.444,-1,-1,273.339,85.9675,-1,-1
50.8,405.741,233.708,-1,-1,274.267,85.1555,-1,-1
50.85,405.09,231.972,-1,-1,275.196,84.3435,-1,-1
50.9,404.439,230.236,-1,-1,276.125,83.5315,-1,-1
50.95,403.788,228.5,-1,-1,277.053,82.7195,-1,-1
51,403.137,226.764,-1,-1,277.982,81.9075,-1,-1
51.05,402.486,225.028,-1,-1,278.91,81.0955,-1,-1
51.1,401.836,223.292,-1,-1,279.839,80.2835,-1,-1
51.15,401.185,221.556,-1,-1,280.767,79.4715,-1,-1
51.2,400.534,219.82,-1,-1,281.696,78.6595,-1,-1
51.25,399.883,218.084,-1,-1,282.625,77.8475,-1,-1
51.3,399.232,216.348,-1,-1,283.553,77.0355,-1,-1
51.35,398.581,214.612,-1,-1,284.482,76.2235,-1,-1
51.4,397.93,212.876,-1,-1,285.41,75.4115,-1,-1
51.45,397.279,211.14,-1,-1,286.339,74.5995,-1,-1
51.5,396.628,209.404,-1,-1,287.267,73.7875,-1,-1
51.55,395.978,207.668,-1,-1,288.196,72.9755,-1,-1
51.6,395.327,205.932,-1,-1,289.125,72.1635,-1,-1
51.65,394.676,204.196,-1,-1,290.053,71.3515,-1,-1
51.7,394.025,202.46,-1,-1,290.982,70.5395,-1,-1
51.75,393.374,200.724,-1,-1,291.91,69.7275,-1,-1
51.8,392.723,198.988,-1,-1,292.839,68.9155,-1,-1
51.85,392.072,197.252,-1,-1,293.767,68.1035,-1,-1
51.9,391.421,195.516,-1,-1,294.696,67.2915,-1,-1
51.95,390.771,193.78,-1,-1,295.625,66.4795,-1,-1
52,390.12,192.044,-1,-1,296.553,65.6675,-1,-1
52.05,389.469,190.308,-1,-1,297.482,64.8555,-1,-1
52.1,388.818,188.572,-1,-1,298.41,64.0435,-1,-1
52.15,388.167,186.836,-1,-1,299.339,63.2315,-1,-1
52.2,387.516,185.1,-1,-1,300.267,62.4195,-1,-1
52.25,386.865,183.364,-1,-1,301.196,61.6075,-1,-1
52.3,386.214,181.628,-1,-1,302.125,60.7955,-1,-1
52.35,385.564,179.892,-1,-1,303.053,59.9835,-1,-1
52.4,384.913,178.156,-1,-1,303.982,59.1715,-1,-1
52.45,384.262,176.42,-1,-1,304.91,58.3595,-1,-1
52.5,383.611,174.684,-1,-1,305.839,57.5475,-1,-1
52.55,382.96,172.948,-1,-1,306.767,56.7355,-1,-1
52.6,382.309,171.212,-1,-1,307.696,55.9235,-1,-1
52.65,381.658,169.476,-1,-1,308.625,55.1115,-1,-1
52.7,381.007,167.74,-1,-1,309.553,54.2995,-1,-1
52.75,380.356,166.004,-1,-1,310.482,53.4875,-1,-1
52.8,379.706,164.268,-1,-1,311.41,52.6755,-1,-1
52.85,379.055,162.532,-1,-1,312.339,51.8635,-1,-1
52.9,378.404,160.796,-1,-1,313.267,51.0515,-1,-1
52.95,377.753,159.06,-1,-1,314.196,50.2395,-1,-1
53,377.102,157.324,-1,-1,315.125,49.4275,-1,-1
53.05,376.451,155.588,-1,-1,316.053,48.6155,-1,-1
53.1,375.8,153.852,-1,-1,316.982,47.8035,-1,-1
53.15,375.149,152.116,-1,-1,317.91,46.9915,-1,-1
53.2,374.499,150.38,-1,-1,318.839,46.1795,-1,-1
53.25,373.848,148.644,-1,-1,319.767,45.3675,-1,-1
53.3,373.197,146.908,-1,-1,320.696,44.5555,-1,-1
53.35,372.546,145.172,-1,-1,321.625,43.7435,-1,-1
53.4,371.895,143.436,-1,-1,322.553,42.9315,-1,-1
53.45,371.244,141.7,-1,-1,323.482,42.1195,-1,-1
53.5,370.593,139.964,-1,-1,324.41,41.3075,-1,-1
53.55,369.942,138.228,-1,-1,325.339,40.4955,-1,-1
53.6,369.292,136.492,-1,-1,326.267,39.6835,-1,-1
53.65,368.641,134.756,-1,-1,327.196,38.8715,-1,-1
53.7,367.99,133.02,-1,-1,328.125,38.0595,-1,-1
53.75,367.339,131.284,-1,-1,329.053,37.2475,-1,-1
53.8,366.688,129.548,-1,-1,329.982,36.4355,-1,-1
53.85,366.037,127.812,-1,-1,330.91,35.6235,-1,-1
53.9,365.386,126.076,-1,-1,331.839,34.8115,-1,-1
53.95,364.735,124.34,-1,-1,332.767,33.9995,-1,-1
54,364.084,122.604,-1,-1,333.696,33.1875,-1,-1
54.05,363.434,120.868,-1,-1,334.625,32.3755,-1,-1
54.1,362.783,119.132,-1,-1,335.553,31.5635,-1,-1
54.15,362.132,117.396,-1,-1,336.482,30.7515,-1,-1
54.2,361.481,115.66,-1,-1,337.41,29.9395,-1,-1
54.25,360.83,113.924,-1,-1,338.339,29.1275,-1,-1
54.3,360.179,112.188,-1,-1,339.267,28.3155,-1,-1
54.35,359.528,110.452,-1,-1,340.196,27.5035,-1,-1
54.4,358.877,108.716,-1,-1,341.125,26.6915,-1,-1
54.45,358.227,106.98,-1,-1,342.053,25.8795,-1,-1
54.5,357.576,105.244,-1,-1,342.982,25.0675,-1,-1
54.55,356.925,103.508,-1,-1,343.91,24.2555,-1,-1
54.6,356.274,101.772,-1,-1,344.839,23.4435,-1,-1
54.65,355.623,100.036,-1,-1,345.767,22.6315,-1,-1
54.7,354.972,98.2995,-1,-1,346.696,21.8195,-1,-1
54.75,354.321,96.5635,-1,-1,347.625,21.0075,-1,-1
54.8,353.67,94.8275,-1,-1,348.553,20.1955,-1,-1
54.85,353.02,93.0915,-1,-1,349.482,19.3835,-1,-1
54.9,352.369,91.3555,-1,-1,350.41,18.5715,-1,-1
54.95,351.718,89.6195,-1,-1,351.339,17.7595,-1,-1
55,351.067,87.8835,-1,-1,352.267,16.9475,-1,-1
55.05,350.416,86.1475,-1,-1,353.196,16.1355,-1,-1
55.1,349.765,84.4115,-1,-1,354.125,16.1245,-1,-1
55.15,349.114,82.6755,-1,-1,355.053,16.9365,-1,-1
55.2,348.463,80.9395,-1,-1,355.982,17.7485,-1,-1
55.25,347.812,79.2035,-1,-1,356.91,18.5605,-1,-1
55.3,347.162,77.4675,-1,-1,357.839,19.3725,-1,-1
55.35,346.511,75.7315,-1,-1,358.767,20.1845,-1,-1
55.4,345.86,73.9955,-1,-1,359.696,20.9965,-1,-1
55.45,345.209,72.2595,-1,-1,360.625,21.8085,-1,-1
55.5,344.558,70.5235,-1,-1,361.553,22.6205,-1,-1
55.55,343.907,68.7875,-1,-1,362.482,23.4325,-1,-1
55.6,343.256,67.0515,-1,-1,363.41,24.2445,-1,-1
55.65,342.605,65.3155,-1,-1,364.339,25.0565,-1,-1
55.7,341.955,63.5795,-1,-1,365.267,25.8685,-1,-1
55.75,341.304,61.8435,-1,-1,366.196,26.6805,-1,-1
55.8,340.653,60.1075,-1,-1,367.125,27.4925,-1,-1
55.85,340.002,58.3715,-1,-1,368.053,28.3045,-1,-1
55.9,339.351,56.6355,-1,-1,368.982,29.1165,-1,-1
55.95,338.7,54.8995,-1,-1,369.91,29.9285,-1,-1
56,338.049,53.1635,-1,-1,370.839,30.7405,-1,-1
56.05,337.398,51.4275,-1,-1,371.767,31.5525,-1,-1
56.1,336.748,49.6915,-1,-1,372.696,32.3645,-1,-1
56.15,336.097,47.9555,-1,-1,373.625,33.1765,-1,-1
56.2,335.446,46.2195,-1,-1,374.553,33.9885,-1,-1
56.25,334.795,44.4835,-1,-1,375.482,34.8005,-1,-1
56.3,334.144,42.7475,-1,-1,376.41,35.6125,-1,-1
56.35,333.493,41.0115,-1,-1,377.339,36.4245,-1,-1
56.4,332.842,39.2755,-1,-1,378.267,37.2365,-1,-1
56.45,332.191,37.5395,-1,-1,379.196,38.0485,-1,-1
56.5,331.54,35.8035,-1,-1,380.125,38.8605,-1,-1
56.55,330.89,34.0675,-1,-1,381.053,39.6725,-1,-1
56.6,330.239,32.3315,-1,-1,381.982,40.4845,-1,-1
56.65,329.588,30.5955,-1,-1,382.91,41.2965,-1,-1
56.7,328.937,28.8595,-1,-1,383.839,42.1085,-1,-1
56.75,328.286,27.1235,-1,-1,384.767,42.9205,-1,-1
56.8,327.635,25.3875,-1,-1,385.696,43.7325,-1,-1
56.85,326.984,23.6515,-1,-1,386.625,44.5445,-1,-1
56.9,326.333,21.9155,-1,-1,387.553,45.3565,-1,-1
56.95,325.683,20.1795,-1,-1,388.482,46.1685,-1,-1
57,325.032,18.4435,-1,-1,389.41,46.9805,-1,-1
57.05,324.381,16.7075,-1,-1,390.339,47.7925,-1,-1
57.1,323.73,15.6205,-1,-1,391.267,48.6045,-1,-1
57.15,323.079,17.3565,-1,-1,392.196,49.4165,-1,-1
57.2,322.428,19.0925,-1,-1,393.125,50.2285,-1,-1
57.25,321.777,20.8285,-1,-1,394.053,51.0405,-1,-1
57.3,321.126,22.5645,-1,-1,394.982,51.8525,-1,-1
57.35,320.476,24.3005,-1,-1,395.91,52.6645,-1,-1
57.4,319.825,26.0365,-1,-1,396.839,53.4765,-1,-1
57.45,319.174,27.7725,-1,-1,397.767,54.2885,-1,-1
57.5,318.523,29.5085,-1,-1,398.696,55.1005,-1,-1
57.55,317.872,31.2445,-1,-1,399.625,55.9125,-1,-1
57.6,317.221,32.9805,-1,-1,400.553,56.7245,-1,-1
57.65,316.57,34.7165,-1,-1,401.482,57.5365,-1,-1
57.7,315.919,36.4525,-1,-1,402.41,58.3485,-1,-1
57.75,315.268,38.1885,-1,-1,403.339,59.1605,-1,-1
57.8,314.618,39.9245,-1,-1,404.267,59.9725,-1,-1
57.85,313.967,41.6605,-1,-1,405.196,60.7845,-1,-1
57.9,313.316,43.3965,-1,-1,406.125,61.5965,-1,-1
57.95,312.665,45.1325,-1,-1,407.053,62.4085,-1,-1
58,312.014,46.8685,-1,-1,407.982,63.2205,-1,-1
58.05,311.363,48.6045,-1,-1,408.91,64.0325,-1,-1
58.1,310.712,50.3405,-1,-1,409.839,64.8445,-1,-1
58.15,310.061,52.0765,-1,-1,410.767,65.6565,-1,-1
58.2,309.411,53.8125,-1,-1,411.696,66.4685,-1,-1
58.25,308.76,55.5485,-1,-1,412.625,67.2805,-1,-1
58.3,308.109,57.2845,-1,-1,413.553,68.0925,-1,-1
58.35,307.458,59.0205,-1,-1,414.482,68.9045,-1,-1
58.4,306.807,60.7565,-1,-1,415.41,69.7165,-1,-1
58.45,306.156,62.4925,-1,-1,416.339,70.5285,-1,-1
58.5,305.505,64.2285,-1,-1,417.267,71.3405,-1,-1
58.55,304.854,65.9645,-1,-1,418.196,72.1525,-1,-1
58.6,304.204,67.7005,-1,-1,419.125,72.9645,-1,-1
58.65,303.553,69.4365,-1,-1,420.053,73.7765,-1,-1
58.7,302.902,71.1725,-1,-1,420.982,74.5885,-1,-1
58.75,302.251,72.9085,-1,-1,421.91,75.4005,-1,-1
58.8,301.6,74.6445,-1,-1,422.839,76.2125,-1,-1
58.85,300.949,76.3805,-1,-1,423.767,77.0245,-1,-1
58.9,300.298,78.1165,-1,-1,424.696,77.8365,-1,-1
58.95,299.647,79.8525,-1,-1,425.625,78.6485,-1,-1
59,298.996,81.5885,-1,-1,426.553,79.4605,-1,-1
59.05,298.346,83.3245,-1,-1,427.482,80.2725,-1,-1
59.1,297.695,85.0605,-1,-1,428.41,81.0845,-1,-1
59.15,297.044,86.7965,-1,-1,429.339,81.8965,-1,-1
59.2,296.393,88.5325,-1,-1,430.267,82.7085,-1,-1
59.25,295.742,90.2685,-1,-1,431.196,83.5205,-1,-1
59.3,295.091,92.0045,-1,-1,432.125,84.3325,-1,-1
59.35,294.44,93.7405,-1,-1,433.053,85.1445,-1,-1
59.4,293.789,95.4765,-1,-1,433.982,85.9565,-1,-1
59.45,293.139,97.2125,-1,-1,434.91,86.7685,-1,-1
59.5,292.488,98.9485,-1,-1,435.839,87.5805,-1,-1
59.55,291.837,100.684,-1,-1,436.767,88.3925,-1,-1
59.6,291.186,102.42,-1,-1,437.696,89.2045,-1,-1
59.65,290.535,104.156,-1,-1,438.625,90.0165,-1,-1
59.7,289.884,105.892,-1,-1,439.553,90.8285,-1,-1
59.75,289.233,107.628,-1,-1,440.482,91.6405,-1,-1
59.8,288.582,109.364,-1,-1,441.41,92.4525,-1,-1
59.85,287.932,111.1,-1,-1,442.339,93.2645,-1,-1
59.9,287.281,112.836,-1,-1,443.267,94.0765,-1,-1
59.95,286.63,114.572,-1,-1,444.196,94.8885,-1,-1
60,285.979,116.308,-1,-1,445.125,95.7005,-1,-1
60.05,285.328,118.044,-1,-1,446.053,96.5125,-1,-1
60.1,284.677,119.78,-1,-1,446.982,97.3245,-1,-1
60.15,284.026,121.516,-1,-1,447.91,98.1365,-1,-1
60.2,283.375,123.252,-1,-1,448.839,98.9485,-1,-1
60.25,282.724,124.988,-1,-1,449.767,99.7605,-1,-1
60.3,282.074,126.724,-1,-1,450.696,100.573,-1,-1
60.35,281.423,128.46,-1,-1,451.625,101.385,-1,-1
60.4,280.772,130.196,-1,-1,452.553,102.197,-1,-1
60.45,280.121,131.932,-1,-1,453.482,103.009,-1,-1
60.5,279.47,133.668,-1,-1,454.41,103.821,-1,-1
60.55,278.819,134.38,-1,-1,455.339,104.633,-1,-1
60.6,278.168,133.164,-1,-1,456.267,105.445,-1,-1
60.65,277.517,131.949,-1,-1,457.196,106.257,-1,-1
60.7,276.867,130.734,-1,-1,458.125,107.069,-1,-1
60.75,276.216,129.519,-1,-1,459.053,107.881,-1,-1
60.8,275.565,128.304,-1,-1,459.982,108.693,-1,-1
60.85,274.914,127.088,-1,-1,460.91,109.505,-1,-1
60.9,274.263,125.873,-1,-1,461.839,110.317,-1,-1
60.95,273.612,124.658,-1,-1,462.767,111.129,-1,-1
61,272.961,123.443,-1,-1,463.696,111.941,-1,-1
61.05,272.31,122.228,-1,-1,464.625,112.753,-1,-1
61.1,271.66,121.012,-1,-1,465.553,113.565,-1,-1
61.15,271.009,119.797,-1,-1,466.482,114.377,-1,-1
61.2,270.358,118.582,-1,-1,467.41,115.189,-1,-1
61.25,269.707,117.367,-1,-1,468.339,116.001,-1,-1
61.3,269.056,116.152,-1,-1,469.267,116.813,-1,-1
61.35,268.405,114.936,-1,-1,470.196,117.625,-1,-1
61.4,267.754,113.721,-1,-1,471.125,118.437,-1,-1
61.45,267.103,112.506,-1,-1,472.053,119.249,-1,-1
61.5,266.452,111.291,-1,-1,472.982,120.061,-1,-1
61.55,265.802,110.076,-1,-1,473.91,120.873,-1,-1
61.6,265.151,108.86,-1,-1,474.839,121.685,-1,-1
61.65,264.5,107.645,-1,-1,475.767,122.497,-1,-1
61.7,263.849,106.43,-1,-1,476.696,123.309,-1,-1
61.75,263.198,105.215,-1,-1,477.625,124.121,-1,-1
61.8,262.547,104,-1,-1,478.553,124.933,-1,-1
61.85,261.896,102.784,-1,-1,479.482,125.745,-1,-1
61.9,261.245,101.569,-1,-1,480.41,126.557,-1,-1
61.95,260.595,100.354,-1,-1,481.339,127.369,-1,-1
62,259.944,99.1387,-1,-1,482.267,128.181,-1,-1
62.05,259.293,97.9235,-1,-1,483.196,128.993,-1,-1
62.1,258.642,96.7083,-1,-1,484.125,129.805,-1,-1
62.15,257.991,95.4931,-1,-1,485.053,130.617,-1,-1
62.2,257.34,94.2779,-1,-1,485.982,131.429,-1,-1
62.25,256.689,93.0627,-1,-1,486.91,132.241,-1,-1
62.3,256.038,91.8475,-1,-1,487.839,133.053,-1,-1
62.35,255.388,90.6323,-1,-1,488.767,133.865,-1,-1
62.4,254.737,89.4171,-1,-1,489.696,134.677,-1,-1
62.45,254.086,88.2019,-1,-1,490.625,135.489,-1,-1
62.5,253.435,86.9867,-1,-1,491.553,133.875,-1,-1
62.55,252.784,85.7715,-1,-1,492.482,133.469,-1,-1
62.6,252.133,84.5563,-1,-1,493.41,133.063,-1,-1
62.65,251.482,83.3411,-1,-1,494.339,132.657,-1,-1
62.7,250.831,82.1259,-1,-1,495.267,132.251,-1,-1
62.75,250.18,80.9107,-1,-1,496.196,131.845,-1,-1
62.8,249.53,79.6955,-1,-1,497.125,131.439,-1,-1
62.85,248.879,78.4803,-1,-1,498.053,131.033,-1,-1
62.9,248.228,77.2651,-1,-1,498.982,130.627,-1,-1
62.95,247.577,76.0499,-1,-1,499.91,130.221,-1,-1
63,246.926,74.8347,-1,-1,500.839,129.815,-1,-1
63.05,246.275,73.6195,-1,-1,501.767,129.409,-1,-1
63.1,245.624,72.4043,-1,-1,502.696,129.003,-1,-1
63.15,244.973,71.1891,-1,-1,503.625,128.597,-1,-1
63.2,244.323,69.9739,-1,-1,504.553,128.191,-1,-1
63.25,243.672,68.7587,-1,-1,505.482,127.785,-1,-1
63.3,243.021,67.5435,-1,-1,506.41,127.379,-1,-1
63.35,242.37,66.3283,-1,-1,507.339,126.973,-1,-1
63.4,241.719,65.1131,-1,-1,508.267,126.567,-1,-1
63.45,241.068,63.8979,-1,-1,509.196,126.161,-1,-1
63.5,240.417,62.6827,-1,-1,510.125,125.755,-1,-1
63.55,239.766,61.4675,-1,-1,511.053,125.349,-1,-1
63.6,239.116,60.2523,-1,-1,511.982,124.943,-1,-1
63.65,238.465,59.0371,-1,-1,512.91,124.537,-1,-1
63.7,237.814,57.8219,-1,-1,513.839,124.131,-1,-1
63.75,237.163,56.6067,-1,-1,514.767,123.725,-1,-1
63.8,236.512,55.3915,-1,-1,515.696,123.319,-1,-1
63.85,235.861,54.1763,-1,-1,516.625,122.913,-1,-1
63.9,235.21,52.9611,-1,-1,517.553,122.507,-1,-1
63.95,234.559,51.7459,-1,-1,518.482,122.101,-1,-1
64,233.908,50.5307,-1,-1,519.41,121.695,-1,-1
64.05,233.258,49.3155,-1,-1,520.339,121.289,-1,-1
64.1,232.607,48.1003,-1,-1,521.267,120.883,-1,-1
64.15,231.956,46.8851,-1,-1,522.196,120.477,-1,-1
64.2,231.305,45.6699,-1,-1,523.125,120.071,-1,-1
64.25,230.654,44.4547,-1,-1,524.053,119.665,-1,-1
64.3,230.003,43.2395,-1,-1,524.982,119.259,-1,-1
64.35,229.352,42.0243,-1,-1,525.91,118.853,-1,-1
64.4,228.701,40.8091,-1,-1,526.839,118.447,-1,-1
64.45,228.051,39.5939,-1,-1,527.767,118.041,-1,-1
64.5,227.4,38.3787,-1,-1,528.696,117.635,-1,-1
64.55,226.749,37.1635,-1,-1,529.625,117.229,-1,-1
64.6,226.098,35.9483,-1,-1,530.553,116.823,-1,-1
64.65,225.447,34.7331,-1,-1,531.482,116.417,-1,-1
64.7,224.796,33.5179,-1,-1,532.41,116.011,-1,-1
64.75,224.145,32.3027,-1,-1,533.339,115.605,-1,-1
64.8,223.494,31.0875,-1,-1,534.267,115.199,-1,-1
64.85,222.844,29.8723,-1,-1,535.196,114.793,-1,-1
64.9,222.193,28.6571,-1,-1,536.125,114.387,-1,-1
64.95,221.542,27.4419,-1,-1,537.053,113.981,-1,-1
65,220.891,26.2267,-1,-1,537.982,113.575,-1,-1
65.05,220.24,25.0115,-1,-1,538.91,113.169,-1,-1
65.1,219.589,23.7963,-1,-1,539.839,112.763,-1,-1
65.15,218.938,22.5811,-1,-1,540.767,112.357,-1,-1
65.2,218.287,21.3659,-1,-1,541.696,111.951,-1,-1
65.25,217.636,20.1507,-1,-1,542.625,111.545,-1,-1
65.3,216.986,18.9355,-1,-1,543.553,111.139,-1,-1
65.35,216.335,17.7203,-1,-1,544.482,110.733,-1,-1
65.4,215.684,16.5051,-1,-1,545.41,110.327,-1,-1
65.45,215.033,15.6205,-1,-1,546.339,109.921,-1,-1
65.5,214.382,16.8357,-1,-1,547.267,109.515,-1,-1
65.55,213.731,18.0509,-1,-1,548.196,109.109,-1,-1
65.6,213.08,19.2661,-1,-1,549.125,108.703,-1,-1
65.65,212.429,20.4813,-1,-1,550.053,108.297,-1,-1
65.7,211.779,21.6965,-1,-1,550.982,107.891,-1,-1
65.75,211.128,22.9117,-1,-1,551.91,107.485,-1,-1
65.8,210.477,24.1269,-1,-1,552.839,107.079,-1,-1
65.85,209.826,25.3421,-1,-1,553.767,106.673,-1,-1
65.9,209.175,26.5573,-1,-1,554.696,106.267,-1,-1
65.95,208.524,27.7725,-1,-1,555.625,105.861,-1,-1
66,207.873,28.9877,-1,-1,556.553,105.455,-1,-1
66.05,207.222,30.2029,-1,-1,557.482,105.049,-1,-1
66.1,206.572,31.4181,-1,-1,558.41,104.643,-1,-1
66.15,205.921,32.6333,-1,-1,559.339,104.237,-1,-1
66.2,205.27,33.8485,-1,-1,560.267,103.831,-1,-1
66.25,204.619,35.0637,-1,-1,561.196,103.425,-1,-1
66.3,203.968,36.2789,-1,-1,562.125,103.019,-1,-1
66.35,203.317,37.4941,-1,-1,563.053,102.613,-1,-1
66.4,202.666,38.7093,-1,-1,563.982,102.207,-1,-1
66.45,202.015,39.9245,-1,-1,564.91,101.801,-1,-1
66.5,201.364,41.1397,-1,-1,565.839,101.395,-1,-1
66.55,200.714,42.3549,-1,-1,566.767,100.989,-1,-1
66.6,200.063,43.5701,-1,-1,567.696,100.583,-1,-1
66.65,199.412,44.7853,-1,-1,568.625,100.177,-1,-1
66.7,198.761,46.0005,-1,-1,569.553,99.7715,-1,-1
66.75,198.11,47.2157,-1,-1,570.482,99.3655,-1,-1
66.8,197.459,48.4309,-1,-1,571.41,98.9595,-1,-1
66.85,196.808,49.6461,-1,-1,572.339,98.5535,-1,-1
66.9,196.157,50.8613,-1,-1,573.267,98.1475,-1,-1
66.95,195.507,52.0765,-1,-1,574.196,97.7415,-1,-1
67,194.856,53.2917,-1,-1,575.125,97.3355,-1,-1
67.05,194.205,54.5069,-1,-1,576.053,96.9295,-1,-1
67.1,193.554,55.7221,-1,-1,576.982,96.5235,-1,-1
67.15,192.903,56.9373,-1,-1,577.91,96.1175,-1,-1
67.2,192.252,58.1525,-1,-1,578.839,95.7115,-1,-1
67.25,191.601,59.3677,-1,-1,579.767,95.3055,-1,-1
67.3,190.95,60.5829,-1,-1,580.696,94.8995,-1,-1
67.35,190.3,61.7981,-1,-1,581.625,94.4935,-1,-1
67.4,189.649,63.0133,-1,-1,582.553,94.0875,-1,-1
67.45,188.998,64.2285,-1,-1,583.482,93.6815,-1,-1
67.5,188.347,65.4437,-1,-1,584.41,93.2755,-1,-1
67.55,187.696,66.6589,-1,-1,585.339,92.8695,-1,-1
67.6,187.045,67.8741,-1,-1,586.267,92.4635,-1,-1
67.65,186.394,69.0893,-1,-1,587.196,92.0575,-1,-1
67.7,185.743,70.3045,-1,-1,588.125,91.6515,-1,-1
67.75,185.092,71.5197,-1,-1,589.053,91.2455,-1,-1
67.8,184.442,72.7349,-1,-1,589.982,90.8395,-1,-1
67.85,183.791,73.9501,-1,-1,590.91,90.4335,-1,-1
67.9,183.14,75.1653,-1,-1,591.839,90.0275,-1,-1
67.95,182.489,76.3805,-1,-1,592.767,89.6215,-1,-1
68,181.838,77.5957,-1,-1,593.696,89.2155,-1,-1
68.05,181.187,78.8109,-1,-1,594.625,88.8095,-1,-1
68.1,180.536,80.0261,-1,-1,595.553,88.4035,-1,-1
68.15,179.885,81.2413,-1,-1,596.482,87.9975,-1,-1
68.2,179.235,82.4565,-1,-1,597.41,87.5915,-1,-1
68.25,178.584,83.6717,-1,-1,598.339,87.1855,-1,-1
68.3,177.933,84.8869,-1,-1,599.267,86.7795,-1,-1
68.35,177.282,86.1021,-1,-1,600.196,86.3735,-1,-1
68.4,176.631,87.3173,-1,-1,601.125,85.9675,-1,-1
68.45,175.98,88.5325,-1,-1,602.053,85.5615,-1,-1
68.5,175.329,89.7477,-1,-1,602.982,85.1555,-1,-1
68.55,174.678,90.9629,-1,-1,603.91,84.7495,-1,-1
68.6,174.028,92.1781,-1,-1,604.839,84.3435,-1,-1
68.65,173.377,93.3933,-1,-1,605.767,83.9375,-1,-1
68.7,172.726,94.6085,-1,-1,606.696,83.5315,-1,-1
68.75,172.075,95.8237,-1,-1,607.625,83.1255,-1,-1
68.8,171.424,97.0389,-1,-1,608.553,82.7195,-1,-1
68.85,170.773,98.2541,-1,-1,609.482,82.3135,-1,-1
68.9,170.122,99.4693,-1,-1,610.41,81.9075,-1,-1
68.95,169.471,100.684,-1,-1,611.339,81.5015,-1,-1
69,168.82,101.9,-1,-1,612.267,81.0955,-1,-1
69.05,168.17,103.115,-1,-1,613.196,80.6895,-1,-1
69.1,167.519,104.33,-1,-1,614.125,80.2835,-1,-1
69.15,166.868,105.545,-1,-1,615.053,79.8775,-1,-1
69.2,166.217,106.76,-1,-1,615.982,79.4715,-1,-1
69.25,165.566,107.976,-1,-1,616.91,79.0655,-1,-1
69.3,164.915,109.191,-1,-1,617.839,78.6595,-1,-1
69.35,164.264,110.406,-1,-1,618.767,78.2535,-1,-1
69.4,163.613,111.621,-1,-1,619.696,77.8475,-1,-1
69.45,162.963,112.836,-1,-1,620.625,77.4415,-1,-1
69.5,162.312,114.052,-1,-1,621.553,77.0355,-1,-1
69.55,161.661,115.267,-1,-1,622.482,76.6295,-1,-1
69.6,161.01,116.482,-1,-1,623.41,76.2235,-1,-1
69.65,160.359,117.697,-1,-1,624.339,75.8175,-1,-1
69.7,159.708,118.912,-1,-1,625.267,75.4115,-1,-1
69.75,159.057,120.128,-1,-1,626.196,75.0055,-1,-1
69.8,158.406,121.343,-1,-1,627.125,74.5995,-1,-1
69.85,157.756,122.558,-1,-1,628.053,74.1935,-1,-1
69.9,157.105,123.773,-1,-1,628.982,73.7875,-1,-1
69.95,156.454,124.988,-1,-1,629.91,73.3815,-1,-1
70,155.803,126.204,-1,-1,630.839,72.9755,-1,-1
70.05,155.152,127.419,-1,-1,631.767,72.5695,-1,-1
70.1,154.501,128.634,-1,-1,632.696,72.1635,-1,-1
70.15,153.85,129.849,-1,-1,633.625,71.7575,-1,-1
70.2,153.199,131.064,-1,-1,634.553,71.3515,-1,-1
70.25,152.548,132.28,-1,-1,635.482,70.9455,-1,-1
70.3,151.898,133.495,-1,-1,636.41,70.5395,-1,-1
70.35,151.247,134.71,-1,-1,637.339,70.1335,-1,-1
70.4,150.596,135.925,-1,-1,638.267,69.7275,-1,-1
70.45,149.945,137.14,-1,-1,639.196,69.3215,-1,-1
70.5,149.294,138.356,-1,-1,640.125,68.9155,-1,-1
70.55,148.643,139.571,-1,-1,641.053,68.5095,-1,-1
70.6,147.992,140.786,-1,-1,641.982,68.1035,-1,-1
70.65,147.341,142.001,-1,-1,642.91,67.6975,-1,-1
70.7,146.691,143.216,-1,-1,643.839,67.2915,-1,-1
70.75,146.04,144.432,-1,-1,644.767,66.8855,-1,-1
70.8,145.389,145.647,-1,-1,645.696,66.4795,-1,-1
70.85,144.738,146.862,-1,-1,646.625,66.0735,-1,-1
70.9,144.087,148.077,-1,-1,647.553,65.6675,-1,-1
70.95,143.436,149.292,-1,-1,648.482,65.2615,-1,-1
71,142.785,150.508,-1,-1,649.41,64.8555,-1,-1
71.05,142.134,151.723,-1,-1,650.339,64.4495,-1,-1
71.1,141.484,152.938,-1,-1,651.267,64.0435,-1,-1
71.15,140.833,154.153,-1,-1,652.196,63.6375,-1,-1
71.2,140.182,155.368,-1,-1,653.125,63.2315,-1,-1
71.25,139.531,156.584,-1,-1,654.053,62.8255,-1,-1
71.3,138.88,157.799,-1,-1,654.982,62.4195,-1,-1
71.35,138.229,159.014,-1,-1,655.91,62.0135,-1,-1
71.4,137.578,160.229,-1,-1,656.839,61.6075,-1,-1
71.45,136.927,161.444,-1,-1,657.767,61.2015,-1,-1
71.5,136.276,162.66,-1,-1,658.696,60.7955,-1,-1
71.55,135.626,163.875,-1,-1,659.625,60.3895,-1,-1
71.6,134.975,165.09,-1,-1,660.553,59.9835,-1,-1
71.65,134.324,166.305,-1,-1,661.482,59.5775,-1,-1
71.7,133.673,167.52,-1,-1,662.41,59.1715,-1,-1
71.75,133.022,168.736,-1,-1,663.339,58.7655,-1,-1
71.8,132.371,169.951,-1,-1,664.267,58.3595,-1,-1
71.85,131.72,171.166,-1,-1,665.196,57.9535,-1,-1
71.9,131.069,172.381,-1,-1,666.125,57.5475,-1,-1
71.95,130.419,173.596,-1,-1,667.053,57.1415,-1,-1
72,129.768,174.812,-1,-1,667.982,56.7355,-1,-1
72.05,129.117,176.027,-1,-1,668.91,56.3295,-1,-1
72.1,128.466,177.242,-1,-1,669.839,55.9235,-1,-1
72.15,127.815,178.457,-1,-1,670.767,55.5175,-1,-1
72.2,127.164,179.672,-1,-1,671.696,55.1115,-1,-1
72.25,126.513,180.888,-1,-1,672.625,54.7055,-1,-1
72.3,125.862,182.103,-1,-1,673.553,54.2995,-1,-1
72.35,125.212,183.318,-1,-1,674.482,53.8935,-1,-1
72.4,124.561,184.533,-1,-1,675.41,53.4875,-1,-1
72.45,123.91,185.748,-1,-1,676.339,53.0815,-1,-1
72.5,123.259,186.964,-1,-1,677.267,52.6755,-1,-1
72.55,122.608,188.179,-1,-1,678.196,52.2695,-1,-1
72.6,121.957,189.394,-1,-1,679.125,51.8635,-1,-1
72.65,121.306,190.609,-1,-1,680.053,51.4575,-1,-1
72.7,120.655,191.824,-1,-1,680.982,51.0515,-1,-1
72.75,120.004,193.04,-1,-1,681.91,50.6455,-1,-1
72.8,119.354,194.255,-1,-1,682.839,50.2395,-1,-1
72.85,118.703,195.47,-1,-1,683.767,49.8335,-1,-1
72.9,118.052,196.685,-1,-1,684.696,49.4275,-1,-1
72.95,117.401,197.9,-1,-1,685.625,49.0215,-1,-1
73,116.75,199.116,-1,-1,686.553,48.6155,-1,-1
73.05,116.099,200.331,-1,-1,687.482,48.2095,-1,-1
73.1,115.448,201.546,-1,-1,688.41,47.8035,-1,-1
73.15,114.797,202.761,-1,-1,689.339,47.3975,-1,-1
73.2,114.147,203.976,-1,-1,690.267,46.9915,-1,-1
73.25,113.496,205.192,-1,-1,691.196,46.5855,-1,-1
73.3,112.845,206.407,-1,-1,692.125,46.1795,-1,-1
73.35,112.194,207.622,-1,-1,693.053,45.7735,-1,-1
73.4,111.543,208.837,-1,-1,693.982,45.3675,-1,-1
73.45,110.892,210.052,-1,-1,694.91,44.9615,-1,-1
73.5,110.241,211.268,-1,-1,695.839,44.5555,-1,-1
73.55,109.59,212.483,-1,-1,696.767,44.1495,-1,-1
73.6,108.94,213.698,-1,-1,697.696,43.7435,-1,-1
73.65,108.289,214.913,-1,-1,698.625,43.3375,-1,-1
73.7,107.638,216.128,-1,-1,699.553,42.9315,-1,-1
73.75,106.987,217.344,-1,-1,700.482,42.5255,-1,-1
73.8,106.336,218.559,-1,-1,701.41,42.1195,-1,-1
73.85,105.685,219.774,-1,-1,702.339,41.7135,-1,-1
73.9,105.034,220.989,-1,-1,703.267,41.3075,-1,-1
73.95,104.383,222.204,-1,-1,704.196,40.9015,-1,-1
74,103.732,223.42,-1,-1,705.125,40.4955,-1,-1
74.05,103.082,224.635,-1,-1,706.053,40.0895,-1,-1
74.1,102.431,225.85,-1,-1,706.982,39.6835,-1,-1
74.15,101.78,227.065,-1,-1,707.91,39.2775,-1,-1
74.2,101.129,228.28,-1,-1,708.839,38.8715,-1,-1
74.25,100.478,229.496,-1,-1,709.767,38.4655,-1,-1
74.3,99.8272,230.711,-1,-1,710.696,38.0595,-1,-1
74.35,99.1763,231.926,-1,-1,711.625,37.6535,-1,-1
74.4,98.5254,233.141,-1,-1,712.553,37.2475,-1,-1
74.45,97.8745,234.356,-1,-1,713.482,36.8415,-1,-1
74.5,97.2237,235.572,-1,-1,714.41,36.4355,-1,-1
74.55,96.5728,236.787,-1,-1,715.339,36.0295,-1,-1
74.6,95.9219,238.002,-1,-1,716.267,35.6235,-1,-1
74.65,95.271,239.217,-1,-1,717.196,35.2175,-1,-1
74.7,94.6201,240.432,-1,-1,718.125,34.8115,-1,-1
74.75,93.9693,241.648,-1,-1,719.053,34.4055,-1,-1
74.8,93.3184,242.863,-1,-1,719.982,33.9995,-1,-1
74.85,92.6675,244.078,-1,-1,720.91,33.5935,-1,-1
74.9,92.0166,245.293,-1,-1,721.839,33.1875,-1,-1
74.95,91.3657,246.508,-1,-1,722.767,32.7815,-1,-1
75,90.7149,247.724,-1,-1,723.696,32.3755,-1,-1
75.05,90.064,248.939,-1,-1,724.625,31.9695,-1,-1
75.1,89.4131,250.154,-1,-1,725.553,31.5635,-1,-1
75.15,88.7622,251.369,-1,-1,726.482,31.1575,-1,-1
75.2,88.1113,252.584,-1,-1,727.41,30.7515,-1,-1
75.25,87.4605,253.8,-1,-1,728.339,30.3455,-1,-1
75.3,86.8096,255.015,-1,-1,729.267,29.9395,-1,-1
75.35,86.1587,256.23,-1,-1,730.196,29.5335,-1,-1
75.4,85.5078,257.445,-1,-1,731.125,29.1275,-1,-1
75.45,84.8569,258.66,-1,-1,732.053,28.7215,-1,-1
75.5,84.2061,259.876,-1,-1,732.982,28.3155,-1,-1
75.55,83.5552,261.091,-1,-1,733.91,27.9095,-1,-1
75.6,82.9043,262.306,-1,-1,734.839,27.5035,-1,-1
75.65,82.2534,263.521,-1,-1,735.767,27.0975,-1,-1
75.7,81.6025,264.736,-1,-1,736.696,26.6915,-1,-1
75.75,80.9517,265.952,-1,-1,737.625,26.2855,-1,-1
75.8,80.3008,267.167,-1,-1,738.553,25.8795,-1,-1
75.85,79.6499,268.382,-1,-1,739.482,25.4735,-1,-1
75.9,78.999,269.597,-1,-1,740.41,25.0675,-1,-1
75.95,78.3481,270.812,-1,-1,741.339,24.6615,-1,-1
76,77.6973,272.028,-1,-1,742.267,24.2555,-1,-1
76.05,77.0464,273.243,-1,-1,743.196,23.8495,-1,-1
76.1,76.3955,274.458,-1,-1,744.125,23.4435,-1,-1
76.15,75.7446,275.673,-1,-1,745.053,23.0375,-1,-1
76.2,75.0937,276.888,-1,-1,745.982,22.6315,-1,-1
76.25,74.4429,278.104,-1,-1,746.91,22.2255,-1,-1
76.3,73.792,279.319,-1,-1,747.839,21.8195,-1,-1
76.35,73.1411,280.534,-1,-1,748.767,21.4135,-1,-1
76.4,72.4902,281.749,-1,-1,749.696,21.0075,-1,-1
76.45,71.8393,282.964,-1,-1,750.625,20.6015,-1,-1
76.5,71.1885,284.18,-1,-1,751.553,20.1955,-1,-1
76.55,70.5376,285.395,-1,-1,752.482,19.7895,-1,-1
76.6,69.8867,286.61,-1,-1,753.41,19.3835,-1,-1
76.65,69.2358,287.825,-1,-1,754.339,18.9775,-1,-1
76.7,68.5849,289.04,-1,-1,755.267,18.5715,-1,-1
76.75,67.9341,290.256,-1,-1,756.196,18.1655,-1,-1
76.8,67.2832,291.471,-1,-1,757.125,17.7595,-1,-1
76.85,66.6323,292.686,-1,-1,758.053,17.3535,-1,-1
76.9,65.9814,293.901,-1,-1,758.982,16.9475,-1,-1
76.95,65.3305,295.116,-1,-1,759.91,16.5415,-1,-1
77,64.6797,296.332,-1,-1,760.839,16.1355,-1,-1
77.05,64.0288,297.547,-1,-1,761.767,16.1245,-1,-1
77.1,63.3779,298.762,-1,-1,762.696,16.5305,-1,-1
77.15,62.727,299.977,-1,-1,763.625,16.9365,-1,-1
77.2,62.0761,301.192,-1,-1,764.553,17.3425,-1,-1
77.25,61.4253,302.408,-1,-1,765.482,17.7485,-1,-1
77.3,60.7744,303.623,-1,-1,766.41,18.1545,-1,-1
77.35,60.1235,304.838,-1,-1,767.339,18.5605,-1,-1
77.4,59.4726,306.053,-1,-1,768.267,18.9665,-1,-1
77.45,58.8217,307.268,-1,-1,769.196,19.3725,-1,-1
77.5,58.1709,308.484,-1,-1,770.125,19.7785,-1,-1
77.55,57.52,309.699,-1,-1,771.053,20.1845,-1,-1
77.6,56.8691,310.914,-1,-1,771.982,20.5905,-1,-1
77.65,56.2182,312.129,-1,-1,772.91,20.9965,-1,-1
77.7,55.5673,313.344,-1,-1,773.839,21.4025,-1,-1
77.75,54.9165,314.56,-1,-1,774.767,21.8085,-1,-1
77.8,54.2656,315.775,-1,-1,775.696,22.2145,-1,-1
77.85,53.6147,316.99,-1,-1,776.625,22.6205,-1,-1
77.9,52.9638,318.205,-1,-1,777.553,23.0265,-1,-1
77.95,52.3129,319.42,-1,-1,778.482,23.4325,-1,-1
78,51.6621,320.636,-1,-1,779.41,23.8385,-1,-1
78.05,51.0112,321.851,-1,-1,780.339,24.2445,-1,-1
78.1,50.3603,323.066,-1,-1,781.267,24.6505,-1,-1
78.15,49.7094,324.281,-1,-1,782.196,25.0565,-1,-1
78.2,49.0585,325.496,-1,-1,783.125,25.4625,-1,-1
78.25,48.4077,326.712,-1,-1,783.875,25.8685,-1,-1
78.3,47.7568,327.927,-1,-1,782.947,26.2745,-1,-1
78.35,47.1059,329.142,-1,-1,782.018,26.6805,-1,-1
78.4,46.455,330.357,-1,-1,781.09,27.0865,-1,-1
78.45,45.8041,331.572,-1,-1,780.161,27.4925,-1,-1
78.5,45.1533,332.788,-1,-1,779.233,27.8985,-1,-1
78.55,44.5024,334.003,-1,-1,778.304,28.3045,-1,-1
78.6,43.8515,335.218,-1,-1,777.375,28.7105,-1,-1
78.65,43.2006,336.433,-1,-1,776.447,29.1165,-1,-1
78.7,42.5497,337.648,-1,-1,775.518,29.5225,-1,-1
78.75,41.8989,338.864,-1,-1,774.59,29.9285,-1,-1
78.8,41.248,340.079,-1,-1,773.661,30.3345,-1,-1
78.85,40.5971,341.294,-1,-1,772.733,30.7405,-1,-1
78.9,39.9462,342.509,-1,-1,771.804,31.1465,-1,-1
78.95,39.2953,343.724,-1,-1,770.875,31.5525,-1,-1
79,38.6445,344.94,-1,-1,769.947,31.9585,-1,-1
79.05,37.9936,346.155,-1,-1,769.018,32.3645,-1,-1
79.1,37.3427,347.37,-1,-1,768.09,32.7705,-1,-1
79.15,36.6918,348.585,-1,-1,767.161,33.1765,-1,-1
79.2,36.0409,349.8,-1,-1,766.233,33.5825,-1,-1
79.25,35.3901,351.016,-1,-1,765.304,33.9885,-1,-1
79.3,34.7392,352.231,-1,-1,764.375,34.3945,-1,-1
79.35,34.0883,353.446,-1,-1,763.447,34.8005,-1,-1
79.4,33.4374,354.661,-1,-1,762.518,35.2065,-1,-1
79.45,32.7865,355.876,-1,-1,761.59,35.6125,-1,-1
79.5,32.1357,357.092,-1,-1,760.661,36.0185,-1,-1
79.55,31.4848,358.307,-1,-1,759.733,36.4245,-1,-1
79.6,30.8339,359.522,-1,-1,758.804,36.8305,-1,-1
79.65,30.183,360.737,-1,-1,757.875,37.2365,-1,-1
79.7,29.5321,361.952,-1,-1,756.947,37.6425,-1,-1
79.75,28.8813,363.168,-1,-1,756.018,38.0485,-1,-1
79.8,28.2304,364.383,-1,-1,755.09,38.4545,-1,-1
79.85,27.5795,365.598,-1,-1,754.161,38.8605,-1,-1
79.9,26.9286,366.813,-1,-1,753.233,39.2665,-1,-1
79.95,26.2777,368.028,-1,-1,752.304,39.6725,-1,-1
80,25.6269,369.244,-1,-1,751.375,40.0785,-1,-1
80.05,24.976,370.459,-1,-1,750.447,40.4845,-1,-1
80.1,24.3251,371.674,-1,-1,749.518,40.8905,-1,-1
80.15,23.6742,372.889,-1,-1,748.59,41.2965,-1,-1
80.2,23.0233,374.104,-1,-1,747.661,41.7025,-1,-1
80.25,22.3725,375.32,-1,-1,746.733,42.1085,-1,-1
80.3,21.7216,376.535,-1,-1,745.804,42.5145,-1,-1
80.35,21.0707,377.75,-1,-1,744.875,42.9205,-1,-1
80.4,20.4198,378.965,-1,-1,743.947,43.3265,-1,-1
80.45,19.7689,380.18,-1,-1,743.018,43.7325,-1,-1
80.5,19.1181,381.396,-1,-1,742.09,44.1385,-1,-1
80.55,18.4672,382.611,-1,-1,741.161,44.5445,-1,-1
80.6,17.8163,383.826,-1,-1,740.233,44.9505,-1,-1
80.65,17.1654,385.041,-1,-1,739.304,45.3565,-1,-1
80.7,16.5145,386.256,-1,-1,738.375,45.7625,-1,-1
80.75,15.8637,387.472,-1,-1,737.447,46.1685,-1,-1
80.8,15.6205,388.687,-1,-1,736.518,46.5745,-1,-1
80.85,16.2714,389.902,-1,-1,735.59,46.9805,-1,-1
80.9,16.9223,391.117,-1,-1,734.661,47.3865,-1,-1
80.95,17.5731,392.332,-1,-1,733.733,47.7925,-1,-1
81,18.224,393.548,-1,-1,732.804,48.1985,-1,-1
81.05,18.8749,394.763,-1,-1,731.875,48.6045,-1,-1
81.1,19.5258,395.978,-1,-1,730.947,49.0105,-1,-1
81.15,20.1767,397.193,-1,-1,730.018,49.4165,-1,-1
81.2,20.8275,398.408,-1,-1,729.09,49.8225,-1,-1
81.25,21.4784,399.624,-1,-1,728.161,50.2285,-1,-1
81.3,22.1293,400.839,-1,-1,727.233,50.6345,-1,-1
81.35,22.7802,402.054,-1,-1,726.304,51.0405,-1,-1
81.4,23.4311,403.269,-1,-1,725.375,51.4465,-1,-1
81.45,24.0819,404.484,-1,-1,724.447,51.8525,-1,-1
81.5,24.7328,405.7,-1,-1,723.518,52.2585,-1,-1
81.55,25.3837,406.915,-1,-1,722.59,52.6645,-1,-1
81.6,26.0346,408.13,-1,-1,721.661,53.0705,-1,-1
81.65,26.6855,409.345,-1,-1,720.733,53.4765,-1,-1
81.7,27.3363,410.56,-1,-1,719.804,53.8825,-1,-1
81.75,27.9872,411.776,-1,-1,718.875,54.2885,-1,-1
81.8,28.6381,412.991,-1,-1,717.947,54.6945,-1,-1
81.85,29.289,414.206,-1,-1,717.018,55.1005,-1,-1
81.9,29.9399,415.421,-1,-1,716.09,55.5065,-1,-1
81.95,30.5907,416.636,-1,-1,715.161,55.9125,-1,-1
82,31.2416,417.852,-1,-1,714.233,56.3185,-1,-1
82.05,31.8925,419.067,-1,-1,713.304,56.7245,-1,-1
82.1,32.5434,420.282,-1,-1,712.375,57.1305,-1,-1
82.15,33.1943,421.497,-1,-1,711.447,57.5365,-1,-1
82.2,33.8451,422.712,-1,-1,710.518,57.9425,-1,-1
82.25,34.496,423.928,-1,-1,709.59,58.3485,-1,-1
82.3,35.1469,425.143,-1,-1,708.661,58.7545,-1,-1
82.35,35.7978,426.358,-1,-1,707.733,59.1605,-1,-1
82.4,36.4487,427.573,-1,-1,706.804,59.5665,-1,-1
82.45,37.0995,428.788,-1,-1,705.875,59.9725,-1,-1
82.5,37.7504,430.004,-1,-1,704.947,60.3785,-1,-1
82.55,38.4013,431.219,-1,-1,704.018,60.7845,-1,-1
82.6,39.0522,432.434,-1,-1,703.09,61.1905,-1,-1
82.65,39.7031,433.649,-1,-1,702.161,61.5965,-1,-1
82.7,40.3539,434.864,-1,-1,701.233,62.0025,-1,-1
82.75,41.0048,436.08,-1,-1,700.304,62.4085,-1,-1
82.8,41.6557,437.295,-1,-1,699.375,62.8145,-1,-1
82.85,42.3066,438.51,-1,-1,698.447,63.2205,-1,-1
82.9,42.9575,439.725,-1,-1,697.518,63.6265,-1,-1
82.95,43.6083,440.94,-1,-1,696.59,64.0325,-1,-1
83,44.2592,442.156,-1,-1,695.661,64.4385,-1,-1
83.05,44.9101,443.371,-1,-1,694.733,64.8445,-1,-1
83.1,45.561,444.586,-1,-1,693.804,65.2505,-1,-1
83.15,46.2119,445.801,-1,-1,692.875,65.6565,-1,-1
83.2,46.8627,447.016,-1,-1,691.947,66.0625,-1,-1
83.25,47.5136,448.232,-1,-1,691.018,66.4685,-1,-1
83.3,48.1645,449.447,-1,-1,690.09,66.8745,-1,-1
83.35,48.8154,450.662,-1,-1,689.161,67.2805,-1,-1
83.4,49.4663,451.877,-1,-1,688.233,67.6865,-1,-1
83.45,50.1171,453.092,-1,-1,687.304,68.0925,-1,-1
83.5,50.768,454.308,-1,-1,686.375,68.4985,-1,-1
83.55,51.4189,455.523,-1,-1,685.447,68.9045,-1,-1
83.6,52.0698,456.738,-1,-1,684.518,69.3105,-1,-1
83.65,52.7207,457.953,-1,-1,683.59,69.7165,-1,-1
83.7,53.3715,459.168,-1,-1,682.661,70.1225,-1,-1
83.75,54.0224,460.384,-1,-1,681.733,70.5285,-1,-1
83.8,54.6733,461.599,-1,-1,680.804,70.9345,-1,-1
83.85,55.3242,462.814,-1,-1,679.875,71.3405,-1,-1
83.9,55.9751,464.029,-1,-1,678.947,71.7465,-1,-1
83.95,56.6259,465.244,-1,-1,678.018,72.1525,-1,-1
84,57.2768,466.46,-1,-1,677.09,72.5585,-1,-1
84.05,57.9277,467.675,-1,-1,676.161,72.9645,-1,-1
84.1,58.5786,468.89,-1,-1,675.233,73.3705,-1,-1
84.15,59.2295,470.105,-1,-1,674.304,73.7765,-1,-1
84.2,59.8803,471.32,-1,-1,673.375,74.1825,-1,-1
84.25,60.5312,472.536,-1,-1,672.447,74.5885,-1,-1
84.3,61.1821,473.751,-1,-1,671.518,74.9945,-1,-1
84.35,61.833,474.966,-1,-1,670.59,75.4005,-1,-1
84.4,62.4839,476.181,-1,-1,669.661,75.8065,-1,-1
84.45,63.1347,477.396,-1,-1,668.733,76.2125,-1,-1
84.5,63.7856,478.612,-1,-1,667.804,76.6185,-1,-1
84.55,64.4365,479.827,-1,-1,666.875,77.0245,-1,-1
84.6,65.0874,481.042,-1,-1,665.947,77.4305,-1,-1
84.65,65.7383,482.257,-1,-1,665.018,77.8365,-1,-1
84.7,66.3891,483.472,-1,-1,664.09,78.2425,-1,-1
84.75,67.04,484.688,-1,-1,663.161,78.6485,-1,-1
84.8,67.6909,485.903,-1,-1,662.233,79.0545,-1,-1
84.85,68.3418,487.118,-1,-1,661.304,79.4605,-1,-1
84.9,68.9927,488.333,-1,-1,660.375,79.8665,-1,-1
84.95,69.6435,489.548,-1,-1,659.447,80.2725,-1,-1
85,70.2944,490.764,-1,-1,658.518,80.6785,-1,-1
85.05,70.9453,491.979,-1,-1,657.59,81.0845,-1,-1
85.1,71.5962,493.194,-1,-1,656.661,81.4905,-1,-1
85.15,72.2471,494.409,-1,-1,655.733,81.8965,-1,-1
85.2,72.8979,495.624,-1,-1,654.804,82.3025,-1,-1
85.25,73.5488,496.84,-1,-1,653.875,82.7085,-1,-1
85.3,74.1997,498.055,-1,-1,652.947,83.1145,-1,-1
85.35,74.8506,499.27,-1,-1,652.018,83.5205,-1,-1
85.4,75.5015,500.485,-1,-1,651.09,83.9265,-1,-1
85.45,76.1523,501.7,-1,-1,650.161,84.3325,-1,-1
85.5,76.8032,502.916,-1,-1,649.233,84.7385,-1,-1
85.55,77.4541,504.131,-1,-1,648.304,85.1445,-1,-1
85.6,78.105,505.346,-1,-1,647.375,85.5505,-1,-1
85.65,78.7559,506.561,-1,-1,646.447,85.9565,-1,-1
85.7,79.4067,507.776,-1,-1,645.518,86.3625,-1,-1
85.75,80.0576,508.992,-1,-1,644.59,86.7685,-1,-1
85.8,80.7085,510.207,-1,-1,643.661,87.1745,-1,-1
85.85,81.3594,511.422,-1,-1,642.733,87.5805,-1,-1
85.9,82.0103,512.637,-1,-1,641.804,87.9865,-1,-1
85.95,82.6611,513.852,-1,-1,640.875,88.3925,-1,-1
86,83.312,515.068,-1,-1,639.947,88.7985,-1,-1
86.05,83.9629,516.283,-1,-1,639.018,89.2045,-1,-1
86.1,84.6138,517.498,-1,-1,638.09,89.6105,-1,-1
86.15,85.2647,518.713,-1,-1,637.161,90.0165,-1,-1
86.2,85.9155,519.928,-1,-1,636.233,90.4225,-1,-1
86.25,86.5664,521.144,-1,-1,635.304,90.8285,-1,-1
86.3,87.2173,522.359,-1,-1,634.375,91.2345,-1,-1
86.35,87.8682,523.574,-1,-1,633.447,91.6405,-1,-1
86.4,88.5191,524.789,-1,-1,632.518,92.0465,-1,-1
86.45,89.1699,526.004,-1,-1,631.59,92.4525,-1,-1
86.5,89.8208,527.22,-1,-1,630.661,92.8585,-1,-1
86.55,90.4717,528.435,-1,-1,629.733,93.2645,-1,-1
86.6,91.1226,529.65,-1,-1,628.804,93.6705,-1,-1
86.65,91.7735,530.865,-1,-1,627.875,94.0765,-1,-1
86.7,92.4243,532.08,-1,-1,626.947,94.4825,-1,-1
86.75,93.0752,533.296,-1,-1,626.018,94.8885,-1,-1
86.8,93.7261,534.511,-1,-1,625.09,95.2945,-1,-1
86.85,94.377,535.726,-1,-1,624.161,95.7005,-1,-1
86.9,95.0279,536.941,-1,-1,623.233,96.1065,-1,-1
86.95,95.6787,538.156,-1,-1,622.304,96.5125,-1,-1
87,96.3296,539.372,-1,-1,621.375,96.9185,-1,-1
87.05,96.9805,540.587,-1,-1,620.447,97.3245,-1,-1
87.1,97.6314,541.802,-1,-1,619.518,97.7305,-1,-1
87.15,98.2823,543.017,-1,-1,618.59,98.1365,-1,-1
87.2,98.9331,544.232,-1,-1,617.661,98.5425,-1,-1
87.25,99.584,545.448,-1,-1,616.733,98.9485,-1,-1
87.3,100.235,546.663,-1,-1,615.804,99.3545,-1,-1
87.35,100.886,547.878,-1,-1,614.875,99.7605,-1,-1
87.4,101.537,549.093,-1,-1,613.947,100.167,-1,-1
87.45,102.188,550.308,-1,-1,613.018,100.573,-1,-1
87.5,102.838,551.524,-1,-1,612.09,100.979,-1,-1
87.55,103.489,552.739,-1,-1,611.161,101.385,-1,-1
87.6,104.14,553.954,-1,-1,610.233,101.791,-1,-1
87.65,104.791,555.169,-1,-1,609.304,102.197,-1,-1
87.7,105.442,556.384,-1,-1,608.375,102.603,-1,-1
87.75,106.093,557.6,-1,-1,607.447,103.009,-1,-1
87.8,106.744,558.815,-1,-1,606.518,103.415,-1,-1
87.85,107.395,560.03,-1,-1,605.59,103.821,-1,-1
87.9,108.045,561.245,-1,-1,604.661,104.227,-1,-1
87.95,108.696,562.46,-1,-1,603.733,104.633,-1,-1
88,109.347,563.676,-1,-1,602.804,105.039,-1,-1
88.05,109.998,564.891,-1,-1,601.875,105.445,-1,-1
88.1,110.649,566.106,-1,-1,600.947,105.851,-1,-1
88.15,111.3,567.321,-1,-1,600.018,106.257,-1,-1
88.2,111.951,568.536,-1,-1,599.09,106.663,-1,-1
88.25,112.602,569.752,-1,-1,598.161,107.069,-1,-1
88.3,113.252,570.967,-1,-1,597.233,107.475,-1,-1
88.35,113.903,572.182,-1,-1,596.304,107.881,-1,-1
88.4,114.554,573.397,-1,-1,595.375,108.287,-1,-1
88.45,115.205,574.612,-1,-1,594.447,108.693,-1,-1
88.5,115.856,575.828,-1,-1,593.518,109.099,-1,-1
88.55,116.507,577.043,-1,-1,592.59,109.505,-1,-1
88.6,117.158,578.258,-1,-1,591.661,109.911,-1,-1
88.65,117.809,579.473,-1,-1,590.733,110.317,-1,-1
88.7,118.46,580.688,-1,-1,589.804,110.723,-1,-1
88.75,119.11,581.904,-1,-1,588.875,111.129,-1,-1
88.8,119.761,583.119,-1,-1,587.947,111.535,-1,-1
88.85,120.412,584.334,-1,-1,587.018,111.941,-1,-1
88.9,121.063,584.38,-1,-1,586.09,112.347,-1,-1
88.95,121.714,583.164,-1,-1,585.161,112.753,-1,-1
89,122.365,581.949,-1,-1,584.233,113.159,-1,-1
89.05,123.016,580.734,-1,-1,583.304,113.565,-1,-1
89.1,123.667,579.519,-1,-1,582.375,113.971,-1,-1
89.15,124.317,578.304,-1,-1,581.447,114.377,-1,-1
89.2,124.968,577.088,-1,-1,580.518,114.783,-1,-1
89.25,125.619,575.873,-1,-1,579.59,115.189,-1,-1
89.3,126.27,574.658,-1,-1,578.661,115.595,-1,-1
89.35,126.921,573.443,-1,-1,577.733,116.001,-1,-1
89.4,127.572,572.228,-1,-1,576.804,116.407,-1,-1
89.45,128.223,571.012,-1,-1,575.875,116.813,-1,-1
89.5,128.874,569.797,-1,-1,574.947,117.219,-1,-1
89.55,129.524,568.582,-1,-1,574.018,117.625,-1,-1
89.6,130.175,567.367,-1,-1,573.09,118.031,-1,-1
89.65,130.826,566.152,-1,-1,572.161,118.437,-1,-1
89.7,131.477,564.936,-1,-1,571.233,118.843,-1,-1
89.75,132.128,563.721,-1,-1,570.304,119.249,-1,-1
89.8,132.779,562.506,-1,-1,569.375,119.655,-1,-1
89.85,133.43,561.291,-1,-1,568.447,120.061,-1,-1
89.9,134.081,560.076,-1,-1,567.518,120.467,-1,-1
89.95,134.732,558.86,-1,-1,566.59,120.873,-1,-1
90,135.382,557.645,-1,-1,565.661,121.279,-1,-1
90.05,136.033,556.43,-1,-1,564.733,121.685,-1,-1
90.1,136.684,555.215,-1,-1,563.804,122.091,-1,-1
90.15,137.335,554,-1,-1,562.875,122.497,-1,-1
90.2,137.986,552.784,-1,-1,561.947,122.903,-1,-1
90.25,138.637,551.569,-1,-1,561.018,123.309,-1,-1
90.3,139.288,550.354,-1,-1,560.09,123.715,-1,-1
90.35,139.939,549.139,-1,-1,559.161,124.121,-1,-1
90.4,140.589,547.924,-1,-1,558.233,124.527,-1,-1
90.45,141.24,546.708,-1,-1,557.304,124.933,-1,-1
90.5,141.891,545.493,-1,-1,556.375,125.339,-1,-1
90.55,142.542,544.278,-1,-1,555.447,125.745,-1,-1
90.6,143.193,543.063,-1,-1,554.518,126.151,-1,-1
90.65,143.844,541.848,-1,-1,553.59,126.557,-1,-1
90.7,144.495,540.632,-1,-1,552.661,126.963,-1,-1
90.75,145.146,539.417,-1,-1,551.733,127.369,-1,-1
90.8,145.796,538.202,-1,-1,550.804,127.775,-1,-1
90.85,146.447,536.987,-1,-1,549.875,128.181,-1,-1
90.9,147.098,535.772,-1,-1,548.947,128.587,-1,-1
90.95,147.749,534.556,-1,-1,548.018,128.993,-1,-1
91,148.4,533.341,-1,-1,547.09,129.399,-1,-1
91.05,149.051,532.126,-1,-1,546.161,129.805,-1,-1
91.1,149.702,530.911,-1,-1,545.233,130.211,-1,-1
91.15,150.353,529.696,-1,-1,544.304,130.617,-1,-1
91.2,151.004,528.48,-1,-1,543.375,131.023,-1,-1
91.25,151.654,527.265,-1,-1,542.447,131.429,-1,-1
91.3,152.305,526.05,-1,-1,541.518,131.835,-1,-1
91.35,152.956,524.835,-1,-1,540.59,132.241,-1,-1
91.4,153.607,523.62,-1,-1,539.661,132.647,-1,-1
91.45,154.258,522.404,-1,-1,538.733,133.053,-1,-1
91.5,154.909,521.189,-1,-1,537.804,133.459,-1,-1
91.55,155.56,519.974,-1,-1,536.875,133.865,-1,-1
91.6,156.211,518.759,-1,-1,535.947,133.875,-1,-1
91.65,156.861,517.544,-1,-1,535.018,133.672,-1,-1
91.7,157.512,516.328,-1,-1,534.09,133.469,-1,-1
91.75,158.163,515.113,-1,-1,533.161,133.266,-1,-1
91.8,158.814,513.898,-1,-1,532.233,133.063,-1,-1
91.85,159.465,512.683,-1,-1,531.304,132.86,-1,-1
91.9,160.116,511.468,-1,-1,530.375,132.657,-1,-1
91.95,160.767,510.252,-1,-1,529.447,132.454,-1,-1
92,161.418,509.037,-1,-1,528.518,132.251,-1,-1
92.05,162.068,507.822,-1,-1,527.59,132.048,-1,-1
92.1,162.719,506.607,-1,-1,526.661,131.845,-1,-1
92.15,163.37,505.392,-1,-1,525.733,131.642,-1,-1
92.2,164.021,504.176,-1,-1,524.804,131.439,-1,-1
92.25,164.672,502.961,-1,-1,523.875,131.236,-1,-1
92.3,165.323,501.746,-1,-1,522.947,131.033,-1,-1
92.35,165.974,500.531,-1,-1,522.018,130.83,-1,-1
92.4,166.625,499.316,-1,-1,521.09,130.627,-1,-1
92.45,167.276,498.1,-1,-1,520.161,130.424,-1,-1
92.5,167.926,496.885,-1,-1,519.233,130.221,-1,-1
92.55,168.577,495.67,-1,-1,518.304,130.018,-1,-1
92.6,169.228,494.455,-1,-1,517.375,129.815,-1,-1
92.65,169.879,493.24,-1,-1,516.447,129.612,-1,-1
92.7,170.53,492.024,-1,-1,515.518,129.409,-1,-1
92.75,171.181,490.809,-1,-1,514.59,129.206,-1,-1
92.8,171.832,489.594,-1,-1,513.661,129.003,-1,-1
92.85,172.483,488.379,-1,-1,512.733,128.8,-1,-1
92.9,173.133,487.164,-1,-1,511.804,128.597,-1,-1
92.95,173.784,485.948,-1,-1,510.875,128.394,-1,-1
93,174.435,484.733,-1,-1,509.947,128.191,-1,-1
93.05,175.086,483.518,-1,-1,509.018,127.988,-1,-1
93.1,175.737,482.303,-1,-1,508.09,127.785,-1,-1
93.15,176.388,481.088,-1,-1,507.161,127.582,-1,-1
93.2,177.039,479.872,-1,-1,506.233,127.379,-1,-1
93.25,177.69,478.657,-1,-1,505.304,127.176,-1,-1
93.3,178.34,477.442,-1,-1,504.375,126.973,-1,-1
93.35,178.991,476.227,-1,-1,503.447,126.77,-1,-1
93.4,179.642,475.62,-1,-1,502.518,126.567,-1,-1
93.45,180.293,476.593,-1,-1,501.59,126.364,-1,-1
93.5,180.944,477.565,-1,-1,500.661,126.161,-1,-1
93.55,181.595,478.537,-1,-1,499.733,125.958,-1,-1
93.6,182.246,479.509,-1,-1,498.804,125.755,-1,-1
93.65,182.897,480.481,-1,-1,497.875,125.552,-1,-1
93.7,183.548,481.453,-1,-1,496.947,125.349,-1,-1
93.75,184.198,482.426,-1,-1,496.018,125.146,-1,-1
93.8,184.849,483.398,-1,-1,495.09,124.943,-1,-1
93.85,185.5,484.37,-1,-1,494.161,124.74,-1,-1
93.9,186.151,485.342,-1,-1,493.233,124.537,-1,-1
93.95,186.802,486.314,-1,-1,492.304,124.334,-1,-1
94,187.453,487.286,-1,-1,491.375,124.131,-1,-1
94.05,188.104,488.259,-1,-1,490.447,123.928,-1,-1
94.1,188.755,489.231,-1,-1,489.518,123.725,-1,-1
94.15,189.405,490.203,-1,-1,488.59,123.522,-1,-1
94.2,190.056,491.175,-1,-1,487.661,123.319,-1,-1
94.25,190.707,492.147,-1,-1,486.733,123.116,-1,-1
94.3,191.358,493.119,-1,-1,485.804,122.913,-1,-1
94.35,192.009,494.092,-1,-1,484.875,122.71,-1,-1
94.4,192.66,495.064,-1,-1,483.947,122.507,-1,-1
94.45,193.311,496.036,-1,-1,483.018,122.304,-1,-1
94.5,193.962,497.008,-1,-1,482.09,122.101,-1,-1
94.55,194.612,497.98,-1,-1,481.161,121.898,-1,-1
94.6,195.263,498.952,-1,-1,480.233,121.695,-1,-1
94.65,195.914,499.924,-1,-1,479.304,121.492,-1,-1
94.7,196.565,500.897,-1,-1,478.375,121.289,-1,-1
94.75,197.216,501.869,-1,-1,477.447,121.086,-1,-1
94.8,197.867,502.841,-1,-1,476.518,120.883,-1,-1
94.85,198.518,503.813,-1,-1,475.59,120.68,-1,-1
94.9,199.169,504.785,-1,-1,474.661,120.477,-1,-1
94.95,199.82,505.757,-1,-1,473.733,120.274,-1,-1
95,200.47,506.73,-1,-1,472.804,120.071,-1,-1
95.05,201.121,507.702,-1,-1,471.875,119.868,-1,-1
95.1,201.772,508.674,-1,-1,470.947,119.665,-1,-1
95.15,202.423,509.646,-1,-1,470.018,119.462,-1,-1
95.2,203.074,510.618,-1,-1,469.09,119.259,-1,-1
95.25,203.725,511.59,-1,-1,468.161,119.056,-1,-1
95.3,204.376,512.563,-1,-1,467.233,118.853,-1,-1
95.35,205.027,513.535,-1,-1,466.304,118.65,-1,-1
95.4,205.677,514.507,-1,-1,465.375,118.447,-1,-1
95.45,206.328,515.479,-1,-1,464.447,118.244,-1,-1
95.5,206.979,516.451,-1,-1,463.518,118.041,-1,-1
95.55,207.63,517.423,-1,-1,462.59,117.838,-1,-1
95.6,208.281,518.396,-1,-1,461.661,117.635,-1,-1
95.65,208.932,519.368,-1,-1,460.733,117.432,-1,-1
95.7,209.583,520.34,-1,-1,459.804,117.229,-1,-1
95.75,210.234,521.312,-1,-1,458.875,117.026,-1,-1
95.8,210.884,522.284,-1,-1,457.947,116.823,-1,-1
95.85,211.535,523.256,-1,-1,457.018,116.62,-1,-1
95.9,212.186,524.228,-1,-1,456.09,116.417,-1,-1
95.95,212.837,525.201,-1,-1,455.161,116.214,-1,-1
96,213.488,526.173,-1,-1,454.233,116.011,-1,-1
96.05,214.139,527.145,-1,-1,453.304,115.808,-1,-1
96.1,214.79,528.117,-1,-1,452.375,115.605,-1,-1
96.15,215.441,529.089,-1,-1,451.447,115.402,-1,-1
96.2,216.092,530.061,-1,-1,450.518,115.199,-1,-1
96.25,216.742,531.034,-1,-1,449.59,114.996,-1,-1
96.3,217.393,532.006,-1,-1,448.661,114.793,-1,-1
96.35,218.044,532.978,-1,-1,447.733,114.59,-1,-1
96.4,218.695,533.95,-1,-1,446.804,114.387,-1,-1
96.45,219.346,534.922,-1,-1,445.875,114.184,-1,-1
96.5,219.997,535.894,-1,-1,444.947,113.981,-1,-1
96.55,220.648,536.867,-1,-1,444.018,113.778,-1,-1
96.6,221.299,537.839,-1,-1,443.09,113.575,-1,-1
96.65,221.949,538.811,-1,-1,442.161,113.372,-1,-1
96.7,222.6,539.783,-1,-1,441.233,113.169,-1,-1
96.75,223.251,540.755,-1,-1,440.304,112.966,-1,-1
96.8,223.902,541.727,-1,-1,439.375,112.763,-1,-1
96.85,224.553,542.7,-1,-1,438.447,112.56,-1,-1
96.9,225.204,543.672,-1,-1,437.518,112.357,-1,-1
96.95,225.855,544.644,-1,-1,436.59,112.154,-1,-1
97,226.506,545.616,-1,-1,435.661,111.951,-1,-1
97.05,227.156,546.588,-1,-1,434.733,111.748,-1,-1
97.1,227.807,547.56,-1,-1,433.804,111.545,-1,-1
97.15,228.458,548.532,-1,-1,432.875,111.342,-1,-1
97.2,229.109,549.505,-1,-1,431.947,111.139,-1,-1
97.25,229.76,550.477,-1,-1,431.018,110.936,-1,-1
97.3,230.411,551.449,-1,-1,430.09,110.733,-1,-1
97.35,231.062,552.421,-1,-1,429.161,110.53,-1,-1
97.4,231.713,553.393,-1,-1,428.233,110.327,-1,-1
97.45,232.364,554.365,-1,-1,427.304,110.124,-1,-1
97.5,233.014,555.338,-1,-1,426.375,109.921,-1,-1
97.55,233.665,556.31,-1,-1,425.447,109.718,-1,-1
97.6,234.316,557.282,-1,-1,424.518,109.515,-1,-1
97.65,234.967,558.254,-1,-1,423.59,109.312,-1,-1
97.7,235.618,559.226,-1,-1,422.661,109.109,-1,-1
97.75,236.269,560.198,-1,-1,421.733,108.906,-1,-1
97.8,236.92,561.171,-1,-1,420.804,108.703,-1,-1
97.85,237.571,562.143,-1,-1,419.875,108.5,-1,-1
97.9,238.221,563.115,-1,-1,418.947,108.297,-1,-1
97.95,238.872,564.087,-1,-1,418.018,108.094,-1,-1
98,239.523,565.059,-1,-1,417.09,107.891,-1,-1
98.05,240.174,566.031,-1,-1,416.161,107.688,-1,-1
98.1,240.825,567.004,-1,-1,415.233,107.485,-1,-1
98.15,241.476,567.976,-1,-1,414.304,107.282,-1,-1
98.2,242.127,568.948,-1,-1,413.375,107.079,-1,-1
98.25,242.778,569.92,-1,-1,412.447,106.876,-1,-1
98.3,243.428,570.892,-1,-1,411.518,106.673,-1,-1
98.35,244.079,571.864,-1,-1,410.59,106.47,-1,-1
98.4,244.73,572.836,-1,-1,409.661,106.267,-1,-1
98.45,245.381,573.809,-1,-1,408.733,106.064,-1,-1
98.5,246.032,574.781,-1,-1,407.804,105.861,-1,-1
98.55,246.683,575.753,-1,-1,406.875,105.658,-1,-1
98.6,247.334,576.725,-1,-1,405.947,105.455,-1,-1
98.65,247.985,577.697,-1,-1,405.018,105.252,-1,-1
98.7,248.636,578.669,-1,-1,404.09,105.049,-1,-1
98.75,249.286,579.642,-1,-1,403.161,104.846,-1,-1
98.8,249.937,580.614,-1,-1,402.233,104.643,-1,-1
98.85,250.588,581.586,-1,-1,401.304,104.44,-1,-1
98.9,251.239,582.558,-1,-1,400.375,104.237,-1,-1
98.95,251.89,583.53,-1,-1,399.447,104.034,-1,-1
99,252.541,584.38,-1,-1,398.518,103.831,-1,-1
99.05,253.192,583.407,-1,-1,397.59,103.628,-1,-1
99.1,253.843,582.435,-1,-1,396.661,103.425,-1,-1
99.15,254.493,581.463,-1,-1,395.733,103.222,-1,-1
99.2,255.144,580.491,-1,-1,394.804,103.019,-1,-1
99.25,255.795,579.519,-1,-1,393.875,102.816,-1,-1
99.3,256.446,578.547,-1,-1,392.947,102.613,-1,-1
99.35,257.097,577.574,-1,-1,392.018,102.41,-1,-1
99.4,257.748,576.602,-1,-1,391.09,102.207,-1,-1
99.45,258.399,575.63,-1,-1,390.161,102.004,-1,-1
99.5,259.05,574.658,-1,-1,389.233,101.801,-1,-1
99.55,259.7,573.686,-1,-1,388.304,101.598,-1,-1
99.6,260.351,572.714,-1,-1,387.375,101.395,-1,-1
99.65,261.002,571.741,-1,-1,386.447,101.192,-1,-1
99.7,261.653,570.769,-1,-1,385.518,100.989,-1,-1
99.75,262.304,569.797,-1,-1,384.59,100.786,-1,-1
99.8,262.955,568.825,-1,-1,383.661,100.583,-1,-1
99.85,263.606,567.853,-1,-1,382.733,100.38,-1,-1
99.9,264.257,566.881,-1,-1,381.804,100.177,-1,-1
99.95,264.908,565.908,-1,-1,380.875,99.9745,-1,-1
